1.000000 0.000000 0.000000 0.315789 0.287500
1.000000 0.000000 0.000000 0.000000 0.212500
1.000000 0.000000 0.000000 0.000000 0.212500
1.000000 0.047619 0.000000 0.000000 0.225000
0.882353 0.666667 0.000000 0.000000 0.362500
1.000000 0.666667 0.000000 0.052632 0.400000
1.000000 0.571429 0.000000 0.157895 0.400000
1.000000 0.571429 0.000000 0.263158 0.425000
1.000000 0.571429 0.000000 0.368421 0.450000
1.000000 0.619048 0.173913 0.368421 0.512500
1.000000 0.619048 0.000000 0.368421 0.462500
1.000000 0.571429 0.043478 0.473684 0.487500
1.000000 0.619048 0.130435 0.473684 0.525000
1.000000 0.761905 0.347826 0.473684 0.625000
1.000000 0.904762 0.347826 0.526316 0.675000
1.000000 0.809524 1.000000 0.526316 0.837500
1.000000 1.000000 1.000000 0.631579 0.912500
1.000000 1.000000 1.000000 0.842105 0.962500
1.000000 1.000000 1.000000 0.842105 0.962500
1.000000 1.000000 1.000000 1.000000 1.000000
1.000000 1.000000 1.000000 0.894737 0.975000
1.000000 1.000000 1.000000 1.000000 1.000000
1.000000 1.000000 1.000000 0.947368 0.987500
1.000000 1.000000 1.000000 0.842105 0.962500
1.000000 1.000000 1.000000 0.894737 0.975000
1.000000 1.000000 1.000000 0.947368 0.987500
1.000000 1.000000 1.000000 0.947368 0.987500
1.000000 1.000000 1.000000 0.947368 0.987500
1.000000 1.000000 1.000000 0.947368 0.987500
1.000000 1.000000 1.000000 0.947368 0.987500
1.000000 1.000000 1.000000 1.000000 1.000000
1.000000 1.000000 1.000000 0.947368 0.987500
1.000000 1.000000 1.000000 1.000000 1.000000
1.000000 1.000000 1.000000 1.000000 1.000000
1.000000 1.000000 1.000000 0.947368 0.987500
1.000000 1.000000 1.000000 0.947368 0.987500
1.000000 1.000000 1.000000 0.947368 0.987500
1.000000 1.000000 1.000000 0.947368 0.987500
1.000000 1.000000 1.000000 1.000000 1.000000
1.000000 1.000000 1.000000 0.947368 0.987500
1.000000 1.000000 1.000000 0.894737 0.975000
1.000000 1.000000 1.000000 0.842105 0.962500
1.000000 1.000000 1.000000 0.947368 0.987500
1.000000 1.000000 1.000000 0.947368 0.987500
1.000000 1.000000 1.000000 1.000000 1.000000
1.000000 1.000000 1.000000 1.000000 1.000000
1.000000 1.000000 1.000000 0.947368 0.987500
1.000000 1.000000 1.000000 0.947368 0.987500
1.000000 1.000000 1.000000 0.947368 0.987500
1.000000 1.000000 1.000000 0.842105 0.962500
1.000000 1.000000 1.000000 0.894737 0.975000
1.000000 1.000000 1.000000 0.947368 0.987500
1.000000 1.000000 1.000000 0.947368 0.987500
0.588235 1.000000 1.000000 1.000000 0.912500
1.000000 1.000000 1.000000 0.842105 0.962500
0.882353 1.000000 1.000000 1.000000 0.975000
1.000000 1.000000 0.478261 0.947368 0.837500
1.000000 0.952381 0.869565 0.894737 0.925000
1.000000 1.000000 1.000000 0.842105 0.962500
1.000000 1.000000 1.000000 0.578947 0.900000
0.941176 1.000000 0.956522 0.842105 0.937500
1.000000 1.000000 1.000000 0.684211 0.925000
1.000000 1.000000 1.000000 0.894737 0.975000
1.000000 1.000000 1.000000 0.842105 0.962500
1.000000 1.000000 1.000000 0.947368 0.987500
1.000000 1.000000 1.000000 1.000000 1.000000
1.000000 1.000000 1.000000 0.894737 0.975000
1.000000 1.000000 1.000000 1.000000 1.000000
1.000000 1.000000 1.000000 0.947368 0.987500
1.000000 1.000000 1.000000 0.947368 0.987500
1.000000 1.000000 1.000000 0.842105 0.962500
1.000000 1.000000 1.000000 0.789474 0.950000
1.000000 1.000000 1.000000 0.947368 0.987500
1.000000 1.000000 1.000000 0.947368 0.987500
1.000000 1.000000 1.000000 0.947368 0.987500
1.000000 1.000000 1.000000 0.947368 0.987500
1.000000 1.000000 1.000000 0.947368 0.987500
1.000000 1.000000 1.000000 0.947368 0.987500
1.000000 1.000000 1.000000 1.000000 1.000000
1.000000 1.000000 1.000000 1.000000 1.000000
1.000000 1.000000 1.000000 1.000000 1.000000
1.000000 1.000000 1.000000 0.947368 0.987500
1.000000 1.000000 1.000000 0.947368 0.987500
1.000000 1.000000 1.000000 0.947368 0.987500
1.000000 1.000000 1.000000 0.947368 0.987500
1.000000 1.000000 1.000000 0.947368 0.987500
1.000000 1.000000 1.000000 1.000000 1.000000
1.000000 1.000000 1.000000 0.894737 0.975000
1.000000 1.000000 1.000000 1.000000 1.000000
1.000000 1.000000 1.000000 1.000000 1.000000
1.000000 1.000000 1.000000 1.000000 1.000000
1.000000 1.000000 1.000000 1.000000 1.000000
1.000000 1.000000 1.000000 0.947368 0.987500
1.000000 1.000000 1.000000 0.947368 0.987500
1.000000 1.000000 1.000000 0.947368 0.987500
1.000000 1.000000 1.000000 0.947368 0.987500
1.000000 1.000000 1.000000 0.947368 0.987500
1.000000 1.000000 1.000000 0.947368 0.987500
1.000000 1.000000 1.000000 0.947368 0.987500
1.000000 1.000000 1.000000 0.947368 0.987500
