0.373626 0.000000 0.000000 0.480000 0.213407
0.365591 0.000000 0.000000 0.000000 0.091398
0.350515 0.000000 0.000000 0.000000 0.087629
0.382022 0.068966 0.000000 0.000000 0.112747
0.434783 0.571429 0.000000 0.000000 0.251553
0.472222 0.622222 0.000000 0.100000 0.298611
0.453333 0.600000 0.000000 0.272727 0.331515
0.453333 0.631579 0.000000 0.416667 0.375395
0.472222 0.648649 0.000000 0.518519 0.409847
0.485714 0.702703 0.296296 0.538462 0.505794
0.465753 0.702703 0.000000 0.518519 0.421744
0.485714 0.685714 0.080000 0.600000 0.462857
0.507463 0.722222 0.222222 0.600000 0.512977
0.566667 0.820513 0.484848 0.642857 0.628721
0.566667 0.950000 0.516129 0.689655 0.680613
0.809524 0.871795 0.920000 0.689655 0.822743
0.829268 1.000000 1.000000 0.774194 0.900865
0.918919 1.000000 1.000000 0.914286 0.958301
0.918919 1.000000 1.000000 0.914286 0.958301
1.000000 1.000000 1.000000 1.000000 1.000000
0.944444 1.000000 1.000000 0.944444 0.972222
1.000000 1.000000 1.000000 1.000000 1.000000
0.971429 1.000000 1.000000 0.972973 0.986100
0.944444 0.976744 1.000000 0.914286 0.958869
0.971429 0.976744 1.000000 0.944444 0.973154
0.971429 1.000000 1.000000 0.972973 0.986100
0.971429 1.000000 1.000000 0.972973 0.986100
0.971429 1.000000 1.000000 0.972973 0.986100
0.971429 1.000000 1.000000 0.972973 0.986100
0.971429 1.000000 1.000000 0.972973 0.986100
1.000000 1.000000 1.000000 1.000000 1.000000
0.971429 1.000000 1.000000 0.972973 0.986100
1.000000 1.000000 1.000000 1.000000 1.000000
1.000000 1.000000 1.000000 1.000000 1.000000
0.971429 1.000000 1.000000 0.972973 0.986100
0.971429 1.000000 1.000000 0.972973 0.986100
0.971429 1.000000 1.000000 0.972973 0.986100
0.971429 1.000000 1.000000 0.972973 0.986100
1.000000 1.000000 1.000000 1.000000 1.000000
0.971429 1.000000 1.000000 0.972973 0.986100
0.944444 1.000000 1.000000 0.944444 0.972222
0.918919 1.000000 1.000000 0.914286 0.958301
0.971429 1.000000 1.000000 0.972973 0.986100
0.971429 1.000000 1.000000 0.972973 0.986100
1.000000 1.000000 1.000000 1.000000 1.000000
1.000000 1.000000 1.000000 1.000000 1.000000
0.971429 1.000000 1.000000 0.972973 0.986100
0.971429 1.000000 1.000000 0.972973 0.986100
0.971429 1.000000 1.000000 0.972973 0.986100
0.918919 1.000000 1.000000 0.914286 0.958301
0.944444 1.000000 1.000000 0.944444 0.972222
0.971429 1.000000 1.000000 0.972973 0.986100
0.971429 1.000000 1.000000 0.972973 0.986100
0.740741 1.000000 1.000000 0.844444 0.896296
0.944444 0.976744 1.000000 0.914286 0.958869
0.937500 1.000000 1.000000 0.950000 0.971875
0.723404 1.000000 0.647059 0.972973 0.835859
0.871795 0.952381 0.930233 0.944444 0.924713
1.000000 0.933333 1.000000 0.914286 0.961905
0.971429 0.913043 0.938776 0.733333 0.889145
0.969697 0.893617 0.977778 0.914286 0.938844
0.871795 0.976744 1.000000 0.812500 0.915260
1.000000 0.954545 1.000000 0.944444 0.974747
1.000000 0.933333 1.000000 0.914286 0.961905
1.000000 0.976744 1.000000 0.972973 0.987429
1.000000 1.000000 1.000000 1.000000 1.000000
0.944444 1.000000 1.000000 0.944444 0.972222
1.000000 1.000000 1.000000 1.000000 1.000000
0.971429 1.000000 1.000000 0.972973 0.986100
0.971429 1.000000 1.000000 0.972973 0.986100
0.918919 1.000000 1.000000 0.914286 0.958301
0.894737 1.000000 1.000000 0.882353 0.944272
0.971429 1.000000 1.000000 0.972973 0.986100
0.971429 1.000000 1.000000 0.972973 0.986100
0.971429 1.000000 1.000000 0.972973 0.986100
0.971429 1.000000 1.000000 0.972973 0.986100
0.971429 1.000000 1.000000 0.972973 0.986100
0.971429 1.000000 1.000000 0.972973 0.986100
1.000000 1.000000 1.000000 1.000000 1.000000
1.000000 1.000000 1.000000 1.000000 1.000000
1.000000 1.000000 1.000000 1.000000 1.000000
0.971429 1.000000 1.000000 0.972973 0.986100
0.971429 1.000000 1.000000 0.972973 0.986100
0.971429 1.000000 1.000000 0.972973 0.986100
0.971429 1.000000 1.000000 0.972973 0.986100
0.971429 1.000000 1.000000 0.972973 0.986100
1.000000 1.000000 1.000000 1.000000 1.000000
0.944444 1.000000 1.000000 0.944444 0.972222
1.000000 1.000000 1.000000 1.000000 1.000000
1.000000 1.000000 1.000000 1.000000 1.000000
1.000000 1.000000 1.000000 1.000000 1.000000
1.000000 1.000000 1.000000 1.000000 1.000000
0.971429 1.000000 1.000000 0.972973 0.986100
0.971429 1.000000 1.000000 0.972973 0.986100
0.971429 1.000000 1.000000 0.972973 0.986100
0.971429 1.000000 1.000000 0.972973 0.986100
0.971429 1.000000 1.000000 0.972973 0.986100
0.971429 1.000000 1.000000 0.972973 0.986100
0.971429 1.000000 1.000000 0.972973 0.986100
0.971429 1.000000 1.000000 0.972973 0.986100
