1.953244
2.048344
4.289374
3.362227
3.700361
4.168024
5.199469
4.467136
4.087976
3.568398
4.583063
4.505034
3.495712
2.803324
2.676126
1.910943
0.868922
0.325582
0.280069
0.006329
0.044889
0.000471
0.023932
0.184794
0.153815
0.033764
0.084917
0.089866
0.039584
0.159730
0.000287
0.155218
0.000262
0.000066
0.068680
0.012785
0.010409
0.017834
0.000059
0.065189
0.221539
0.274886
0.177731
0.078880
0.004275
0.000036
0.019838
0.143196
0.202669
0.283429
0.242730
0.145996
0.078718
0.415557
0.173396
0.070423
0.984559
0.206144
0.324633
0.834476
0.475116
0.340827
0.114893
0.193140
0.045497
0.009136
0.196792
0.001611
0.045869
0.124642
0.275744
0.368441
0.140415
0.079419
0.132506
0.096173
0.070879
0.121063
0.002175
0.000388
0.002056
0.050805
0.115844
0.089748
0.018354
0.124768
0.000049
0.180486
0.004466
0.000503
0.000182
0.005545
0.048891
0.082399
0.095771
0.070391
0.046134
0.065491
0.085534
0.092897
