0.229730 0.000000 0.000000 1.000000 0.307432
0.223684 0.000000 0.000000 0.000000 0.055921
0.212500 0.000000 0.000000 0.000000 0.053125
0.236111 0.125000 0.000000 0.000000 0.090278
0.288462 0.500000 0.000000 0.000000 0.197115
0.309091 0.583333 0.000000 1.000000 0.473106
0.293103 0.631579 0.000000 1.000000 0.481171
0.293103 0.705882 0.000000 1.000000 0.499746
0.309091 0.750000 0.000000 0.875000 0.483523
0.320755 0.812500 1.000000 1.000000 0.783314
0.303571 0.812500 0.000000 0.875000 0.497768
0.320755 0.857143 0.500000 0.818182 0.624020
0.340000 0.866667 0.750000 0.818182 0.693712
0.395349 0.888889 0.800000 1.000000 0.771059
0.395349 1.000000 1.000000 1.000000 0.848837
0.680000 0.944444 0.851852 1.000000 0.869074
0.708333 1.000000 1.000000 1.000000 0.927083
0.850000 1.000000 1.000000 1.000000 0.962500
0.850000 1.000000 1.000000 1.000000 0.962500
1.000000 1.000000 1.000000 1.000000 1.000000
0.894737 1.000000 1.000000 1.000000 0.973684
1.000000 1.000000 1.000000 1.000000 1.000000
0.944444 1.000000 1.000000 1.000000 0.986111
0.894737 0.954545 1.000000 1.000000 0.962321
0.944444 0.954545 1.000000 1.000000 0.974747
0.944444 1.000000 1.000000 1.000000 0.986111
0.944444 1.000000 1.000000 1.000000 0.986111
0.944444 1.000000 1.000000 1.000000 0.986111
0.944444 1.000000 1.000000 1.000000 0.986111
0.944444 1.000000 1.000000 1.000000 0.986111
1.000000 1.000000 1.000000 1.000000 1.000000
0.944444 1.000000 1.000000 1.000000 0.986111
1.000000 1.000000 1.000000 1.000000 1.000000
1.000000 1.000000 1.000000 1.000000 1.000000
0.944444 1.000000 1.000000 1.000000 0.986111
0.944444 1.000000 1.000000 1.000000 0.986111
0.944444 1.000000 1.000000 1.000000 0.986111
0.944444 1.000000 1.000000 1.000000 0.986111
1.000000 1.000000 1.000000 1.000000 1.000000
0.944444 1.000000 1.000000 1.000000 0.986111
0.894737 1.000000 1.000000 1.000000 0.973684
0.850000 1.000000 1.000000 1.000000 0.962500
0.944444 1.000000 1.000000 1.000000 0.986111
0.944444 1.000000 1.000000 1.000000 0.986111
1.000000 1.000000 1.000000 1.000000 1.000000
1.000000 1.000000 1.000000 1.000000 1.000000
0.944444 1.000000 1.000000 1.000000 0.986111
0.944444 1.000000 1.000000 1.000000 0.986111
0.944444 1.000000 1.000000 1.000000 0.986111
0.850000 1.000000 1.000000 1.000000 0.962500
0.894737 1.000000 1.000000 1.000000 0.973684
0.944444 1.000000 1.000000 1.000000 0.986111
0.944444 1.000000 1.000000 1.000000 0.986111
1.000000 1.000000 1.000000 0.730769 0.932692
0.894737 0.954545 1.000000 1.000000 0.962321
1.000000 1.000000 1.000000 0.904762 0.976190
0.566667 1.000000 1.000000 1.000000 0.891667
0.772727 0.952381 1.000000 1.000000 0.931277
1.000000 0.875000 1.000000 1.000000 0.968750
0.944444 0.840000 0.884615 1.000000 0.917265
1.000000 0.807692 1.000000 1.000000 0.951923
0.772727 0.954545 1.000000 1.000000 0.931818
1.000000 0.913043 1.000000 1.000000 0.978261
1.000000 0.875000 1.000000 1.000000 0.968750
1.000000 0.954545 1.000000 1.000000 0.988636
1.000000 1.000000 1.000000 1.000000 1.000000
0.894737 1.000000 1.000000 1.000000 0.973684
1.000000 1.000000 1.000000 1.000000 1.000000
0.944444 1.000000 1.000000 1.000000 0.986111
0.944444 1.000000 1.000000 1.000000 0.986111
0.850000 1.000000 1.000000 1.000000 0.962500
0.809524 1.000000 1.000000 1.000000 0.952381
0.944444 1.000000 1.000000 1.000000 0.986111
0.944444 1.000000 1.000000 1.000000 0.986111
0.944444 1.000000 1.000000 1.000000 0.986111
0.944444 1.000000 1.000000 1.000000 0.986111
0.944444 1.000000 1.000000 1.000000 0.986111
0.944444 1.000000 1.000000 1.000000 0.986111
1.000000 1.000000 1.000000 1.000000 1.000000
1.000000 1.000000 1.000000 1.000000 1.000000
1.000000 1.000000 1.000000 1.000000 1.000000
0.944444 1.000000 1.000000 1.000000 0.986111
0.944444 1.000000 1.000000 1.000000 0.986111
0.944444 1.000000 1.000000 1.000000 0.986111
0.944444 1.000000 1.000000 1.000000 0.986111
0.944444 1.000000 1.000000 1.000000 0.986111
1.000000 1.000000 1.000000 1.000000 1.000000
0.894737 1.000000 1.000000 1.000000 0.973684
1.000000 1.000000 1.000000 1.000000 1.000000
1.000000 1.000000 1.000000 1.000000 1.000000
1.000000 1.000000 1.000000 1.000000 1.000000
1.000000 1.000000 1.000000 1.000000 1.000000
0.944444 1.000000 1.000000 1.000000 0.986111
0.944444 1.000000 1.000000 1.000000 0.986111
0.944444 1.000000 1.000000 1.000000 0.986111
0.944444 1.000000 1.000000 1.000000 0.986111
0.944444 1.000000 1.000000 1.000000 0.986111
0.944444 1.000000 1.000000 1.000000 0.986111
0.944444 1.000000 1.000000 1.000000 0.986111
0.944444 1.000000 1.000000 1.000000 0.986111
