1.000000 0.000000 0.000000 0.315789 0.328947
1.000000 0.000000 0.000000 0.000000 0.250000
1.000000 0.000000 0.000000 0.000000 0.250000
1.000000 0.047619 0.000000 0.000000 0.261905
0.882353 0.666667 0.000000 0.000000 0.387255
1.000000 0.666667 0.000000 0.052632 0.429825
1.000000 0.571429 0.000000 0.157895 0.432331
1.000000 0.571429 0.000000 0.263158 0.458647
1.000000 0.571429 0.000000 0.368421 0.484962
1.000000 0.619048 0.173913 0.368421 0.540345
1.000000 0.619048 0.000000 0.368421 0.496867
1.000000 0.571429 0.043478 0.473684 0.522148
1.000000 0.619048 0.130435 0.473684 0.555792
1.000000 0.761905 0.347826 0.473684 0.645854
1.000000 0.904762 0.347826 0.526316 0.694726
1.000000 0.809524 1.000000 0.526316 0.833960
1.000000 1.000000 1.000000 0.631579 0.907895
1.000000 1.000000 1.000000 0.842105 0.960526
1.000000 1.000000 1.000000 0.842105 0.960526
1.000000 1.000000 1.000000 1.000000 1.000000
1.000000 1.000000 1.000000 0.894737 0.973684
1.000000 1.000000 1.000000 1.000000 1.000000
1.000000 1.000000 1.000000 0.947368 0.986842
1.000000 1.000000 1.000000 0.842105 0.960526
1.000000 1.000000 1.000000 0.894737 0.973684
1.000000 1.000000 1.000000 0.947368 0.986842
1.000000 1.000000 1.000000 0.947368 0.986842
1.000000 1.000000 1.000000 0.947368 0.986842
1.000000 1.000000 1.000000 0.947368 0.986842
1.000000 1.000000 1.000000 0.947368 0.986842
1.000000 1.000000 1.000000 1.000000 1.000000
1.000000 1.000000 1.000000 0.947368 0.986842
1.000000 1.000000 1.000000 1.000000 1.000000
1.000000 1.000000 1.000000 1.000000 1.000000
1.000000 1.000000 1.000000 0.947368 0.986842
1.000000 1.000000 1.000000 0.947368 0.986842
1.000000 1.000000 1.000000 0.947368 0.986842
1.000000 1.000000 1.000000 0.947368 0.986842
1.000000 1.000000 1.000000 1.000000 1.000000
1.000000 1.000000 1.000000 0.947368 0.986842
1.000000 1.000000 1.000000 0.894737 0.973684
1.000000 1.000000 1.000000 0.842105 0.960526
1.000000 1.000000 1.000000 0.947368 0.986842
1.000000 1.000000 1.000000 0.947368 0.986842
1.000000 1.000000 1.000000 1.000000 1.000000
1.000000 1.000000 1.000000 1.000000 1.000000
1.000000 1.000000 1.000000 0.947368 0.986842
1.000000 1.000000 1.000000 0.947368 0.986842
1.000000 1.000000 1.000000 0.947368 0.986842
1.000000 1.000000 1.000000 0.842105 0.960526
1.000000 1.000000 1.000000 0.894737 0.973684
1.000000 1.000000 1.000000 0.947368 0.986842
1.000000 1.000000 1.000000 0.947368 0.986842
0.588235 1.000000 1.000000 1.000000 0.897059
1.000000 1.000000 1.000000 0.842105 0.960526
0.882353 1.000000 1.000000 1.000000 0.970588
1.000000 1.000000 0.478261 0.947368 0.856407
1.000000 0.952381 0.869565 0.894737 0.929171
1.000000 1.000000 1.000000 0.842105 0.960526
1.000000 1.000000 1.000000 0.578947 0.894737
0.941176 1.000000 0.956522 0.842105 0.934951
1.000000 1.000000 1.000000 0.684211 0.921053
1.000000 1.000000 1.000000 0.894737 0.973684
1.000000 1.000000 1.000000 0.842105 0.960526
1.000000 1.000000 1.000000 0.947368 0.986842
1.000000 1.000000 1.000000 1.000000 1.000000
1.000000 1.000000 1.000000 0.894737 0.973684
1.000000 1.000000 1.000000 1.000000 1.000000
1.000000 1.000000 1.000000 0.947368 0.986842
1.000000 1.000000 1.000000 0.947368 0.986842
1.000000 1.000000 1.000000 0.842105 0.960526
1.000000 1.000000 1.000000 0.789474 0.947368
1.000000 1.000000 1.000000 0.947368 0.986842
1.000000 1.000000 1.000000 0.947368 0.986842
1.000000 1.000000 1.000000 0.947368 0.986842
1.000000 1.000000 1.000000 0.947368 0.986842
1.000000 1.000000 1.000000 0.947368 0.986842
1.000000 1.000000 1.000000 0.947368 0.986842
1.000000 1.000000 1.000000 1.000000 1.000000
1.000000 1.000000 1.000000 1.000000 1.000000
1.000000 1.000000 1.000000 1.000000 1.000000
1.000000 1.000000 1.000000 0.947368 0.986842
1.000000 1.000000 1.000000 0.947368 0.986842
1.000000 1.000000 1.000000 0.947368 0.986842
1.000000 1.000000 1.000000 0.947368 0.986842
1.000000 1.000000 1.000000 0.947368 0.986842
1.000000 1.000000 1.000000 1.000000 1.000000
1.000000 1.000000 1.000000 0.894737 0.973684
1.000000 1.000000 1.000000 1.000000 1.000000
1.000000 1.000000 1.000000 1.000000 1.000000
1.000000 1.000000 1.000000 1.000000 1.000000
1.000000 1.000000 1.000000 1.000000 1.000000
1.000000 1.000000 1.000000 0.947368 0.986842
1.000000 1.000000 1.000000 0.947368 0.986842
1.000000 1.000000 1.000000 0.947368 0.986842
1.000000 1.000000 1.000000 0.947368 0.986842
1.000000 1.000000 1.000000 0.947368 0.986842
1.000000 1.000000 1.000000 0.947368 0.986842
1.000000 1.000000 1.000000 0.947368 0.986842
1.000000 1.000000 1.000000 0.947368 0.986842
