0.000000 0.190476 0.956522 0.000000 0.325000
1.000000 0.000000 0.000000 0.315789 0.287500
1.000000 0.000000 0.000000 0.105263 0.237500
1.000000 0.000000 0.000000 0.052632 0.225000
1.000000 0.571429 0.000000 0.052632 0.375000
1.000000 0.476190 0.000000 0.000000 0.337500
1.000000 0.285714 0.000000 0.052632 0.300000
1.000000 0.142857 0.000000 0.210526 0.300000
1.000000 0.619048 0.000000 0.157895 0.412500
1.000000 0.619048 0.000000 0.315789 0.450000
1.000000 0.571429 0.000000 0.368421 0.450000
1.000000 0.619048 0.000000 0.368421 0.462500
1.000000 0.666667 0.000000 0.368421 0.475000
1.000000 0.761905 0.043478 0.578947 0.562500
1.000000 0.809524 0.217391 0.473684 0.600000
1.000000 1.000000 0.913043 0.789474 0.925000
1.000000 0.904762 0.478261 0.578947 0.725000
1.000000 1.000000 1.000000 0.894737 0.975000
1.000000 1.000000 0.304348 0.789474 0.750000
1.000000 1.000000 1.000000 0.736842 0.937500
0.764706 0.904762 0.956522 1.000000 0.912500
1.000000 0.952381 1.000000 0.842105 0.950000
1.000000 1.000000 0.956522 0.894737 0.962500
1.000000 1.000000 1.000000 0.842105 0.962500
1.000000 1.000000 1.000000 0.736842 0.937500
0.705882 1.000000 1.000000 0.842105 0.900000
1.000000 1.000000 1.000000 0.947368 0.987500
1.000000 1.000000 1.000000 0.789474 0.950000
1.000000 1.000000 1.000000 0.894737 0.975000
1.000000 1.000000 1.000000 0.947368 0.987500
1.000000 1.000000 1.000000 0.947368 0.987500
1.000000 1.000000 1.000000 0.947368 0.987500
1.000000 1.000000 1.000000 0.947368 0.987500
1.000000 1.000000 1.000000 0.947368 0.987500
1.000000 1.000000 1.000000 0.947368 0.987500
1.000000 1.000000 1.000000 0.947368 0.987500
1.000000 1.000000 1.000000 0.947368 0.987500
1.000000 1.000000 1.000000 0.947368 0.987500
1.000000 1.000000 1.000000 0.947368 0.987500
1.000000 1.000000 1.000000 0.947368 0.987500
1.000000 1.000000 1.000000 0.947368 0.987500
1.000000 1.000000 1.000000 0.947368 0.987500
1.000000 1.000000 1.000000 0.947368 0.987500
1.000000 1.000000 1.000000 0.947368 0.987500
1.000000 1.000000 1.000000 0.947368 0.987500
1.000000 1.000000 1.000000 0.947368 0.987500
1.000000 1.000000 1.000000 0.947368 0.987500
1.000000 1.000000 1.000000 0.947368 0.987500
1.000000 1.000000 1.000000 0.947368 0.987500
1.000000 1.000000 1.000000 0.947368 0.987500
1.000000 1.000000 1.000000 0.947368 0.987500
1.000000 1.000000 1.000000 1.000000 1.000000
1.000000 1.000000 1.000000 1.000000 1.000000
1.000000 1.000000 1.000000 0.947368 0.987500
1.000000 1.000000 1.000000 1.000000 1.000000
1.000000 1.000000 1.000000 1.000000 1.000000
1.000000 1.000000 1.000000 0.842105 0.962500
1.000000 1.000000 1.000000 0.947368 0.987500
0.941176 1.000000 1.000000 0.947368 0.975000
0.882353 1.000000 1.000000 0.894737 0.950000
0.294118 0.904762 0.956522 0.736842 0.750000
1.000000 1.000000 0.347826 0.578947 0.712500
0.705882 0.952381 1.000000 0.631579 0.837500
0.470588 1.000000 1.000000 0.842105 0.850000
1.000000 1.000000 1.000000 0.842105 0.962500
1.000000 1.000000 1.000000 0.947368 0.987500
1.000000 1.000000 1.000000 0.947368 0.987500
1.000000 1.000000 1.000000 0.894737 0.975000
1.000000 1.000000 1.000000 0.894737 0.975000
1.000000 1.000000 1.000000 0.894737 0.975000
1.000000 1.000000 1.000000 0.947368 0.987500
1.000000 1.000000 1.000000 1.000000 1.000000
1.000000 1.000000 1.000000 1.000000 1.000000
1.000000 1.000000 1.000000 1.000000 1.000000
1.000000 1.000000 1.000000 1.000000 1.000000
1.000000 1.000000 1.000000 1.000000 1.000000
1.000000 1.000000 1.000000 1.000000 1.000000
1.000000 1.000000 1.000000 1.000000 1.000000
1.000000 1.000000 1.000000 1.000000 1.000000
1.000000 1.000000 1.000000 0.947368 0.987500
1.000000 1.000000 1.000000 0.947368 0.987500
1.000000 1.000000 1.000000 0.947368 0.987500
1.000000 1.000000 1.000000 0.947368 0.987500
1.000000 1.000000 1.000000 1.000000 1.000000
1.000000 1.000000 1.000000 1.000000 1.000000
1.000000 1.000000 1.000000 0.947368 0.987500
1.000000 1.000000 1.000000 1.000000 1.000000
1.000000 1.000000 1.000000 1.000000 1.000000
1.000000 1.000000 1.000000 1.000000 1.000000
1.000000 1.000000 1.000000 1.000000 1.000000
1.000000 1.000000 1.000000 1.000000 1.000000
1.000000 1.000000 1.000000 0.947368 0.987500
1.000000 1.000000 1.000000 1.000000 1.000000
1.000000 1.000000 1.000000 1.000000 1.000000
1.000000 1.000000 1.000000 1.000000 1.000000
1.000000 1.000000 1.000000 1.000000 1.000000
1.000000 1.000000 1.000000 1.000000 1.000000
1.000000 1.000000 1.000000 1.000000 1.000000
1.000000 1.000000 1.000000 1.000000 1.000000
1.000000 1.000000 1.000000 1.000000 1.000000
