0.000000 0.228571 0.494382 0.000000 0.180738
0.373626 0.000000 0.000000 0.480000 0.213407
0.361702 0.000000 0.000000 0.190476 0.138045
0.373626 0.000000 0.000000 0.100000 0.118407
0.447368 0.585366 0.000000 0.100000 0.283184
0.425000 0.526316 0.000000 0.000000 0.237829
0.395349 0.387097 0.000000 0.100000 0.220611
0.430380 0.222222 0.000000 0.347826 0.250107
0.453333 0.650000 0.000000 0.272727 0.344015
0.453333 0.702703 0.000000 0.480000 0.409009
0.453333 0.705882 0.000000 0.500000 0.414804
0.459459 0.742857 0.000000 0.518519 0.430209
0.465753 0.777778 0.000000 0.518519 0.440512
0.531250 0.842105 0.074074 0.709677 0.539277
0.557377 0.850000 0.322581 0.642857 0.593204
0.850000 1.000000 0.954545 0.882353 0.921725
0.641509 0.926829 0.611111 0.733333 0.728196
1.000000 0.976744 0.978723 0.944444 0.974978
0.629630 1.000000 0.466667 0.882353 0.744662
0.971429 0.933333 0.978723 0.848485 0.932993
0.866667 0.926829 0.977778 0.863636 0.908728
1.000000 0.930233 0.978723 0.888889 0.949461
0.944444 0.976744 0.977778 0.944444 0.960853
0.971429 0.954545 1.000000 0.914286 0.960065
1.000000 0.976744 0.920000 0.848485 0.936307
0.827586 1.000000 0.867925 0.888889 0.896100
1.000000 1.000000 0.978723 0.972973 0.987924
0.944444 0.976744 0.978723 0.882353 0.945566
1.000000 0.976744 0.978723 0.944444 0.974978
1.000000 0.976744 1.000000 0.972973 0.987429
1.000000 0.976744 1.000000 0.972973 0.987429
1.000000 0.976744 1.000000 0.972973 0.987429
1.000000 0.976744 1.000000 0.972973 0.987429
1.000000 0.976744 1.000000 0.972973 0.987429
1.000000 0.976744 1.000000 0.972973 0.987429
1.000000 0.976744 1.000000 0.972973 0.987429
1.000000 0.976744 1.000000 0.972973 0.987429
0.971429 1.000000 1.000000 0.972973 0.986100
1.000000 0.976744 1.000000 0.972973 0.987429
1.000000 0.976744 1.000000 0.972973 0.987429
1.000000 0.976744 1.000000 0.972973 0.987429
1.000000 0.976744 1.000000 0.972973 0.987429
1.000000 0.976744 1.000000 0.972973 0.987429
1.000000 0.976744 1.000000 0.972973 0.987429
1.000000 0.976744 1.000000 0.972973 0.987429
0.971429 1.000000 1.000000 0.972973 0.986100
1.000000 0.976744 1.000000 0.972973 0.987429
1.000000 0.976744 1.000000 0.972973 0.987429
1.000000 0.976744 1.000000 0.972973 0.987429
1.000000 0.976744 1.000000 0.972973 0.987429
1.000000 0.976744 1.000000 0.972973 0.987429
1.000000 1.000000 1.000000 1.000000 1.000000
1.000000 1.000000 1.000000 1.000000 1.000000
0.971429 1.000000 1.000000 0.972973 0.986100
1.000000 1.000000 1.000000 1.000000 1.000000
1.000000 1.000000 1.000000 1.000000 1.000000
0.971429 0.954545 1.000000 0.914286 0.960065
0.971429 1.000000 1.000000 0.972973 0.986100
0.941176 1.000000 1.000000 0.947368 0.972136
0.937500 0.954545 0.958333 0.944444 0.948706
0.384615 0.863636 0.785714 0.823529 0.714374
0.596491 1.000000 0.516129 0.733333 0.711488
0.800000 0.952381 0.807018 0.774194 0.833398
0.640000 0.954545 0.821429 0.914286 0.832565
1.000000 0.954545 0.978723 0.914286 0.961889
1.000000 1.000000 0.978723 0.972973 0.987924
0.971429 1.000000 1.000000 0.972973 0.986100
0.971429 0.976744 1.000000 0.944444 0.973154
1.000000 0.954545 1.000000 0.944444 0.974747
1.000000 0.954545 1.000000 0.944444 0.974747
1.000000 0.976744 1.000000 0.972973 0.987429
1.000000 1.000000 1.000000 1.000000 1.000000
1.000000 1.000000 1.000000 1.000000 1.000000
1.000000 1.000000 1.000000 1.000000 1.000000
1.000000 1.000000 1.000000 1.000000 1.000000
1.000000 1.000000 1.000000 1.000000 1.000000
1.000000 1.000000 1.000000 1.000000 1.000000
1.000000 1.000000 1.000000 1.000000 1.000000
1.000000 1.000000 1.000000 1.000000 1.000000
0.971429 1.000000 1.000000 0.972973 0.986100
0.971429 1.000000 1.000000 0.972973 0.986100
0.971429 1.000000 1.000000 0.972973 0.986100
0.971429 1.000000 1.000000 0.972973 0.986100
1.000000 1.000000 1.000000 1.000000 1.000000
1.000000 1.000000 1.000000 1.000000 1.000000
0.971429 1.000000 1.000000 0.972973 0.986100
1.000000 1.000000 1.000000 1.000000 1.000000
1.000000 1.000000 1.000000 1.000000 1.000000
1.000000 1.000000 1.000000 1.000000 1.000000
1.000000 1.000000 1.000000 1.000000 1.000000
1.000000 1.000000 1.000000 1.000000 1.000000
0.971429 1.000000 1.000000 0.972973 0.986100
1.000000 1.000000 1.000000 1.000000 1.000000
1.000000 1.000000 1.000000 1.000000 1.000000
1.000000 1.000000 1.000000 1.000000 1.000000
1.000000 1.000000 1.000000 1.000000 1.000000
1.000000 1.000000 1.000000 1.000000 1.000000
1.000000 1.000000 1.000000 1.000000 1.000000
1.000000 1.000000 1.000000 1.000000 1.000000
1.000000 1.000000 1.000000 1.000000 1.000000
