1.934561
1.879654
1.696305
2.096718
2.947394
3.347913
4.360897
4.671775
4.988972
4.753104
5.228974
5.381321
5.237796
2.770299
2.413166
0.364426
1.529417
0.098858
1.531956
0.285062
0.344048
0.144069
0.086141
0.116171
0.345963
0.403971
0.088223
0.138214
0.067112
0.026589
0.037508
0.038844
0.028606
0.038572
0.046427
0.051365
0.039559
0.039335
0.025676
0.020199
0.033965
0.038062
0.029645
0.032686
0.043523
0.052556
0.056483
0.054463
0.062515
0.065142
0.045110
0.007046
0.003163
0.081102
0.001806
0.005112
0.096757
0.079253
0.162210
0.183286
1.718045
2.254077
1.045167
1.417800
0.187448
0.054688
0.035237
0.020000
0.046704
0.119654
0.025463
0.008710
0.007170
0.012520
0.011802
0.003143
0.000336
0.001122
0.000159
0.040130
0.056423
0.086654
0.121147
0.000236
0.002318
0.067744
0.000437
0.000357
0.001170
0.000433
0.000158
0.056720
0.000045
0.000019
0.000098
0.000441
0.000495
0.000308
0.000075
0.000026
