0.000000 0.285714 0.333333 0.000000 0.154762
0.229730 0.000000 0.000000 1.000000 0.307432
0.220779 0.000000 0.000000 1.000000 0.305195
0.229730 0.000000 0.000000 1.000000 0.307432
0.288136 0.600000 0.000000 1.000000 0.472034
0.269841 0.588235 0.000000 0.000000 0.214519
0.246377 0.600000 0.000000 1.000000 0.461594
0.274194 0.500000 0.000000 1.000000 0.443548
0.293103 0.684211 0.000000 1.000000 0.494328
0.293103 0.812500 0.000000 1.000000 0.526401
0.293103 0.923077 0.000000 0.777778 0.498490
0.298246 0.928571 0.000000 0.875000 0.525454
0.303571 0.933333 0.000000 0.875000 0.527976
0.361702 0.941176 0.250000 0.916667 0.617386
0.386364 0.894737 0.625000 1.000000 0.726525
0.739130 1.000000 1.000000 1.000000 0.934783
0.472222 0.950000 0.846154 1.000000 0.817094
1.000000 0.954545 0.958333 1.000000 0.978220
0.459459 1.000000 1.000000 1.000000 0.864865
0.944444 0.875000 0.958333 1.000000 0.944444
1.000000 0.950000 1.000000 0.760000 0.927500
1.000000 0.909091 0.958333 0.941176 0.952150
0.894737 0.954545 1.000000 1.000000 0.962321
0.944444 0.913043 1.000000 1.000000 0.964372
1.000000 0.954545 0.851852 1.000000 0.951599
1.000000 1.000000 0.766667 0.941176 0.926961
1.000000 1.000000 0.958333 1.000000 0.989583
0.894737 0.954545 0.958333 1.000000 0.951904
1.000000 0.954545 0.958333 1.000000 0.978220
1.000000 0.954545 1.000000 1.000000 0.988636
1.000000 0.954545 1.000000 1.000000 0.988636
1.000000 0.954545 1.000000 1.000000 0.988636
1.000000 0.954545 1.000000 1.000000 0.988636
1.000000 0.954545 1.000000 1.000000 0.988636
1.000000 0.954545 1.000000 1.000000 0.988636
1.000000 0.954545 1.000000 1.000000 0.988636
1.000000 0.954545 1.000000 1.000000 0.988636
0.944444 1.000000 1.000000 1.000000 0.986111
1.000000 0.954545 1.000000 1.000000 0.988636
1.000000 0.954545 1.000000 1.000000 0.988636
1.000000 0.954545 1.000000 1.000000 0.988636
1.000000 0.954545 1.000000 1.000000 0.988636
1.000000 0.954545 1.000000 1.000000 0.988636
1.000000 0.954545 1.000000 1.000000 0.988636
1.000000 0.954545 1.000000 1.000000 0.988636
0.944444 1.000000 1.000000 1.000000 0.986111
1.000000 0.954545 1.000000 1.000000 0.988636
1.000000 0.954545 1.000000 1.000000 0.988636
1.000000 0.954545 1.000000 1.000000 0.988636
1.000000 0.954545 1.000000 1.000000 0.988636
1.000000 0.954545 1.000000 1.000000 0.988636
1.000000 1.000000 1.000000 1.000000 1.000000
1.000000 1.000000 1.000000 1.000000 1.000000
0.944444 1.000000 1.000000 1.000000 0.986111
1.000000 1.000000 1.000000 1.000000 1.000000
1.000000 1.000000 1.000000 1.000000 1.000000
0.944444 0.913043 1.000000 1.000000 0.964372
0.944444 1.000000 1.000000 1.000000 0.986111
0.941176 1.000000 1.000000 0.947368 0.972136
1.000000 0.913043 0.920000 1.000000 0.958261
0.555556 0.826087 0.666667 0.933333 0.745411
0.425000 1.000000 1.000000 1.000000 0.856250
0.923077 0.952381 0.676471 1.000000 0.887982
1.000000 0.913043 0.696970 1.000000 0.902503
1.000000 0.913043 0.958333 1.000000 0.967844
1.000000 1.000000 0.958333 1.000000 0.989583
0.944444 1.000000 1.000000 1.000000 0.986111
0.944444 0.954545 1.000000 1.000000 0.974747
1.000000 0.913043 1.000000 1.000000 0.978261
1.000000 0.913043 1.000000 1.000000 0.978261
1.000000 0.954545 1.000000 1.000000 0.988636
1.000000 1.000000 1.000000 1.000000 1.000000
1.000000 1.000000 1.000000 1.000000 1.000000
1.000000 1.000000 1.000000 1.000000 1.000000
1.000000 1.000000 1.000000 1.000000 1.000000
1.000000 1.000000 1.000000 1.000000 1.000000
1.000000 1.000000 1.000000 1.000000 1.000000
1.000000 1.000000 1.000000 1.000000 1.000000
1.000000 1.000000 1.000000 1.000000 1.000000
0.944444 1.000000 1.000000 1.000000 0.986111
0.944444 1.000000 1.000000 1.000000 0.986111
0.944444 1.000000 1.000000 1.000000 0.986111
0.944444 1.000000 1.000000 1.000000 0.986111
1.000000 1.000000 1.000000 1.000000 1.000000
1.000000 1.000000 1.000000 1.000000 1.000000
0.944444 1.000000 1.000000 1.000000 0.986111
1.000000 1.000000 1.000000 1.000000 1.000000
1.000000 1.000000 1.000000 1.000000 1.000000
1.000000 1.000000 1.000000 1.000000 1.000000
1.000000 1.000000 1.000000 1.000000 1.000000
1.000000 1.000000 1.000000 1.000000 1.000000
0.944444 1.000000 1.000000 1.000000 0.986111
1.000000 1.000000 1.000000 1.000000 1.000000
1.000000 1.000000 1.000000 1.000000 1.000000
1.000000 1.000000 1.000000 1.000000 1.000000
1.000000 1.000000 1.000000 1.000000 1.000000
1.000000 1.000000 1.000000 1.000000 1.000000
1.000000 1.000000 1.000000 1.000000 1.000000
1.000000 1.000000 1.000000 1.000000 1.000000
1.000000 1.000000 1.000000 1.000000 1.000000
