0.000000 0.190476 0.956522 0.000000 0.286749
1.000000 0.000000 0.000000 0.315789 0.328947
1.000000 0.000000 0.000000 0.105263 0.276316
1.000000 0.000000 0.000000 0.052632 0.263158
1.000000 0.571429 0.000000 0.052632 0.406015
1.000000 0.476190 0.000000 0.000000 0.369048
1.000000 0.285714 0.000000 0.052632 0.334586
1.000000 0.142857 0.000000 0.210526 0.338346
1.000000 0.619048 0.000000 0.157895 0.444236
1.000000 0.619048 0.000000 0.315789 0.483709
1.000000 0.571429 0.000000 0.368421 0.484962
1.000000 0.619048 0.000000 0.368421 0.496867
1.000000 0.666667 0.000000 0.368421 0.508772
1.000000 0.761905 0.043478 0.578947 0.596083
1.000000 0.809524 0.217391 0.473684 0.625150
1.000000 1.000000 0.913043 0.789474 0.925629
1.000000 0.904762 0.478261 0.578947 0.740493
1.000000 1.000000 1.000000 0.894737 0.973684
1.000000 1.000000 0.304348 0.789474 0.773455
1.000000 1.000000 1.000000 0.736842 0.934211
0.764706 0.904762 0.956522 1.000000 0.906497
1.000000 0.952381 1.000000 0.842105 0.948622
1.000000 1.000000 0.956522 0.894737 0.962815
1.000000 1.000000 1.000000 0.842105 0.960526
1.000000 1.000000 1.000000 0.736842 0.934211
0.705882 1.000000 1.000000 0.842105 0.886997
1.000000 1.000000 1.000000 0.947368 0.986842
1.000000 1.000000 1.000000 0.789474 0.947368
1.000000 1.000000 1.000000 0.894737 0.973684
1.000000 1.000000 1.000000 0.947368 0.986842
1.000000 1.000000 1.000000 0.947368 0.986842
1.000000 1.000000 1.000000 0.947368 0.986842
1.000000 1.000000 1.000000 0.947368 0.986842
1.000000 1.000000 1.000000 0.947368 0.986842
1.000000 1.000000 1.000000 0.947368 0.986842
1.000000 1.000000 1.000000 0.947368 0.986842
1.000000 1.000000 1.000000 0.947368 0.986842
1.000000 1.000000 1.000000 0.947368 0.986842
1.000000 1.000000 1.000000 0.947368 0.986842
1.000000 1.000000 1.000000 0.947368 0.986842
1.000000 1.000000 1.000000 0.947368 0.986842
1.000000 1.000000 1.000000 0.947368 0.986842
1.000000 1.000000 1.000000 0.947368 0.986842
1.000000 1.000000 1.000000 0.947368 0.986842
1.000000 1.000000 1.000000 0.947368 0.986842
1.000000 1.000000 1.000000 0.947368 0.986842
1.000000 1.000000 1.000000 0.947368 0.986842
1.000000 1.000000 1.000000 0.947368 0.986842
1.000000 1.000000 1.000000 0.947368 0.986842
1.000000 1.000000 1.000000 0.947368 0.986842
1.000000 1.000000 1.000000 0.947368 0.986842
1.000000 1.000000 1.000000 1.000000 1.000000
1.000000 1.000000 1.000000 1.000000 1.000000
1.000000 1.000000 1.000000 0.947368 0.986842
1.000000 1.000000 1.000000 1.000000 1.000000
1.000000 1.000000 1.000000 1.000000 1.000000
1.000000 1.000000 1.000000 0.842105 0.960526
1.000000 1.000000 1.000000 0.947368 0.986842
0.941176 1.000000 1.000000 0.947368 0.972136
0.882353 1.000000 1.000000 0.894737 0.944272
0.294118 0.904762 0.956522 0.736842 0.723061
1.000000 1.000000 0.347826 0.578947 0.731693
0.705882 0.952381 1.000000 0.631579 0.822461
0.470588 1.000000 1.000000 0.842105 0.828173
1.000000 1.000000 1.000000 0.842105 0.960526
1.000000 1.000000 1.000000 0.947368 0.986842
1.000000 1.000000 1.000000 0.947368 0.986842
1.000000 1.000000 1.000000 0.894737 0.973684
1.000000 1.000000 1.000000 0.894737 0.973684
1.000000 1.000000 1.000000 0.894737 0.973684
1.000000 1.000000 1.000000 0.947368 0.986842
1.000000 1.000000 1.000000 1.000000 1.000000
1.000000 1.000000 1.000000 1.000000 1.000000
1.000000 1.000000 1.000000 1.000000 1.000000
1.000000 1.000000 1.000000 1.000000 1.000000
1.000000 1.000000 1.000000 1.000000 1.000000
1.000000 1.000000 1.000000 1.000000 1.000000
1.000000 1.000000 1.000000 1.000000 1.000000
1.000000 1.000000 1.000000 1.000000 1.000000
1.000000 1.000000 1.000000 0.947368 0.986842
1.000000 1.000000 1.000000 0.947368 0.986842
1.000000 1.000000 1.000000 0.947368 0.986842
1.000000 1.000000 1.000000 0.947368 0.986842
1.000000 1.000000 1.000000 1.000000 1.000000
1.000000 1.000000 1.000000 1.000000 1.000000
1.000000 1.000000 1.000000 0.947368 0.986842
1.000000 1.000000 1.000000 1.000000 1.000000
1.000000 1.000000 1.000000 1.000000 1.000000
1.000000 1.000000 1.000000 1.000000 1.000000
1.000000 1.000000 1.000000 1.000000 1.000000
1.000000 1.000000 1.000000 1.000000 1.000000
1.000000 1.000000 1.000000 0.947368 0.986842
1.000000 1.000000 1.000000 1.000000 1.000000
1.000000 1.000000 1.000000 1.000000 1.000000
1.000000 1.000000 1.000000 1.000000 1.000000
1.000000 1.000000 1.000000 1.000000 1.000000
1.000000 1.000000 1.000000 1.000000 1.000000
1.000000 1.000000 1.000000 1.000000 1.000000
1.000000 1.000000 1.000000 1.000000 1.000000
1.000000 1.000000 1.000000 1.000000 1.000000
