0.960204 0.933040 0.876938 0.807921 0.890020 0.556054 0.874739 0.859922 0.813142 0.732408 0.834400
0.940816 0.971806 0.808140 0.842574 0.900204 0.848655 0.903967 0.822957 0.825462 0.878097 0.875300
0.974490 0.966520 0.895349 0.909901 0.902240 0.725336 0.941545 0.880350 0.877823 0.865213 0.896300
0.966327 0.970044 0.893411 0.833663 0.948065 0.847534 0.955115 0.881323 0.875770 0.874133 0.905500
0.971429 0.963877 0.887597 0.843564 0.893075 0.869955 0.948852 0.902724 0.937372 0.896928 0.912200
0.985714 0.961233 0.881783 0.915842 0.862525 0.857623 0.949896 0.885214 0.910678 0.937562 0.915700
0.981633 0.979736 0.934109 0.916832 0.934827 0.837444 0.960334 0.900778 0.920945 0.881070 0.926100
0.963265 0.980617 0.868217 0.811881 0.966395 0.922646 0.930063 0.936770 0.938398 0.827552 0.914800
0.983673 0.983260 0.887597 0.927723 0.956212 0.860987 0.956159 0.877432 0.906571 0.908821 0.925800
0.980612 0.983260 0.921512 0.917822 0.919552 0.871076 0.959290 0.945525 0.909651 0.899901 0.932000
0.990816 0.984141 0.912791 0.900000 0.954175 0.899103 0.951983 0.934825 0.860370 0.892963 0.929000
0.981633 0.979736 0.882752 0.944554 0.894094 0.884529 0.946764 0.896887 0.922998 0.949455 0.929200
0.979592 0.970044 0.928295 0.939604 0.945010 0.858744 0.969729 0.943580 0.907598 0.924678 0.937800
0.985714 0.983260 0.922481 0.938614 0.956212 0.894619 0.962422 0.904669 0.919918 0.910803 0.938600
0.984694 0.968282 0.931202 0.931683 0.967413 0.918161 0.944676 0.924125 0.945585 0.904856 0.942400
0.984694 0.977093 0.934109 0.925743 0.922607 0.903587 0.964509 0.931907 0.911704 0.951437 0.941500
0.978571 0.989427 0.952519 0.937624 0.940937 0.920404 0.970772 0.946498 0.909651 0.906838 0.946100
0.981633 0.980617 0.932171 0.938614 0.943992 0.914798 0.974948 0.936770 0.924025 0.937562 0.947100
0.982653 0.985903 0.937016 0.959406 0.949084 0.915919 0.962422 0.944553 0.908624 0.907830 0.946100
0.977551 0.984141 0.904070 0.957426 0.953157 0.931614 0.949896 0.944553 0.953799 0.900892 0.946100
0.987755 0.981498 0.937984 0.966337 0.970468 0.884529 0.965553 0.949416 0.927105 0.898910 0.947900
0.981633 0.978855 0.935078 0.921782 0.970468 0.917040 0.968685 0.936770 0.968172 0.912785 0.949500
0.987755 0.980617 0.937984 0.930693 0.968432 0.954036 0.965553 0.945525 0.925051 0.915758 0.951300
0.988776 0.976211 0.943798 0.956436 0.946029 0.897982 0.968685 0.938716 0.948665 0.941526 0.951400
0.981633 0.985903 0.955426 0.941584 0.924644 0.909193 0.980167 0.937743 0.933265 0.951437 0.950900
0.990816 0.942731 0.940891 0.909901 0.972505 0.948430 0.966597 0.954280 0.951745 0.895937 0.947000
0.983673 0.964758 0.941860 0.933663 0.949084 0.948430 0.949896 0.922179 0.956879 0.946482 0.949700
0.990816 0.984141 0.954457 0.944554 0.945010 0.933857 0.971816 0.944553 0.950719 0.942517 0.956700
0.981633 0.979736 0.960271 0.949505 0.959267 0.926009 0.977035 0.947471 0.953799 0.920714 0.956000
0.987755 0.981498 0.939922 0.955446 0.976578 0.921525 0.971816 0.954280 0.944559 0.913776 0.955200
0.985714 0.979736 0.946705 0.960396 0.920570 0.909193 0.970772 0.953307 0.941478 0.964321 0.954000
0.989796 0.980617 0.948643 0.953465 0.954175 0.919283 0.974948 0.953307 0.953799 0.938553 0.957200
0.990816 0.980617 0.965116 0.943564 0.950102 0.943946 0.964509 0.963035 0.922998 0.943508 0.957300
0.988776 0.983260 0.944767 0.938614 0.951120 0.914798 0.974948 0.952335 0.940452 0.961348 0.955700
0.988776 0.982379 0.957364 0.957426 0.960285 0.914798 0.963466 0.934825 0.968172 0.953419 0.958700
0.988776 0.990308 0.963178 0.960396 0.969450 0.928251 0.971816 0.943580 0.914784 0.920714 0.955800
0.979592 0.987665 0.944767 0.938614 0.963340 0.959641 0.978079 0.939689 0.935318 0.945491 0.957400
0.983673 0.990308 0.956395 0.936634 0.912424 0.932735 0.977035 0.943580 0.943532 0.965312 0.954800
0.988776 0.977093 0.958333 0.962376 0.966395 0.942825 0.967641 0.935798 0.952772 0.941526 0.959600
0.989796 0.992070 0.941860 0.965347 0.956212 0.914798 0.979123 0.957198 0.937372 0.946482 0.958800
0.990816 0.985022 0.954457 0.945545 0.962322 0.951794 0.978079 0.949416 0.944559 0.958375 0.962300
0.986735 0.988546 0.947674 0.958416 0.972505 0.952915 0.974948 0.959144 0.940452 0.923687 0.960800
0.983673 0.989427 0.962209 0.958416 0.977597 0.938341 0.974948 0.947471 0.944559 0.936571 0.961800
0.980612 0.992070 0.950581 0.954455 0.948065 0.934978 0.973904 0.952335 0.938398 0.961348 0.959300
0.983673 0.986784 0.935078 0.936634 0.970468 0.960762 0.978079 0.963035 0.942505 0.945491 0.960400
0.983673 0.987665 0.959302 0.949505 0.959267 0.951794 0.971816 0.953307 0.960986 0.952428 0.963300
0.985714 0.988546 0.958333 0.959406 0.969450 0.940583 0.970772 0.971790 0.958932 0.915758 0.962400
0.982653 0.985903 0.957364 0.961386 0.969450 0.948430 0.973904 0.954280 0.958932 0.930624 0.962600
0.989796 0.979736 0.962209 0.942574 0.962322 0.949552 0.972860 0.953307 0.963039 0.962339 0.964000
0.984694 0.989427 0.956395 0.938614 0.963340 0.945067 0.982255 0.957198 0.962012 0.938553 0.962100
