0.000000 0.095238 0.956522 0.315789 0.375000
1.000000 0.619048 0.000000 0.000000 0.375000
1.000000 0.000000 0.000000 0.105263 0.237500
0.647059 0.857143 0.000000 0.052632 0.375000
0.764706 0.857143 0.000000 0.157895 0.425000
0.882353 0.666667 0.000000 0.105263 0.387500
1.000000 0.666667 0.000000 0.157895 0.425000
1.000000 0.619048 0.000000 0.157895 0.412500
1.000000 0.619048 0.000000 0.263158 0.437500
1.000000 0.619048 0.217391 0.578947 0.575000
1.000000 0.619048 0.000000 0.368421 0.462500
1.000000 0.666667 0.000000 0.368421 0.475000
1.000000 0.666667 0.000000 0.368421 0.475000
1.000000 0.809524 0.173913 0.578947 0.612500
1.000000 1.000000 0.347826 0.736842 0.750000
1.000000 1.000000 0.521739 0.684211 0.787500
1.000000 1.000000 0.347826 0.526316 0.700000
1.000000 1.000000 0.826087 0.631579 0.862500
0.941176 1.000000 1.000000 0.789474 0.937500
1.000000 1.000000 1.000000 1.000000 1.000000
1.000000 1.000000 0.913043 0.842105 0.937500
1.000000 0.952381 0.695652 1.000000 0.900000
1.000000 1.000000 0.913043 1.000000 0.975000
1.000000 1.000000 1.000000 1.000000 1.000000
1.000000 1.000000 1.000000 1.000000 1.000000
1.000000 1.000000 1.000000 1.000000 1.000000
1.000000 1.000000 1.000000 0.947368 0.987500
1.000000 1.000000 1.000000 1.000000 1.000000
1.000000 1.000000 1.000000 0.842105 0.962500
1.000000 1.000000 1.000000 1.000000 1.000000
1.000000 1.000000 1.000000 0.947368 0.987500
1.000000 1.000000 1.000000 1.000000 1.000000
1.000000 1.000000 1.000000 0.789474 0.950000
1.000000 1.000000 1.000000 1.000000 1.000000
1.000000 1.000000 1.000000 1.000000 1.000000
1.000000 0.952381 1.000000 0.894737 0.962500
1.000000 1.000000 1.000000 1.000000 1.000000
1.000000 1.000000 1.000000 1.000000 1.000000
1.000000 1.000000 1.000000 1.000000 1.000000
1.000000 1.000000 1.000000 0.947368 0.987500
1.000000 1.000000 1.000000 1.000000 1.000000
1.000000 1.000000 1.000000 1.000000 1.000000
1.000000 1.000000 1.000000 1.000000 1.000000
1.000000 1.000000 1.000000 1.000000 1.000000
1.000000 1.000000 1.000000 1.000000 1.000000
1.000000 1.000000 1.000000 1.000000 1.000000
0.470588 1.000000 1.000000 1.000000 0.887500
1.000000 1.000000 0.869565 0.526316 0.850000
1.000000 1.000000 1.000000 0.894737 0.975000
1.000000 1.000000 1.000000 0.789474 0.950000
1.000000 1.000000 1.000000 0.894737 0.975000
1.000000 1.000000 1.000000 0.894737 0.975000
1.000000 1.000000 1.000000 0.947368 0.987500
1.000000 1.000000 1.000000 1.000000 1.000000
1.000000 1.000000 1.000000 1.000000 1.000000
1.000000 1.000000 1.000000 1.000000 1.000000
1.000000 1.000000 1.000000 1.000000 1.000000
1.000000 1.000000 1.000000 1.000000 1.000000
1.000000 1.000000 1.000000 1.000000 1.000000
1.000000 1.000000 1.000000 1.000000 1.000000
1.000000 1.000000 1.000000 1.000000 1.000000
1.000000 1.000000 1.000000 1.000000 1.000000
1.000000 1.000000 1.000000 1.000000 1.000000
1.000000 1.000000 1.000000 1.000000 1.000000
1.000000 1.000000 1.000000 1.000000 1.000000
1.000000 1.000000 1.000000 1.000000 1.000000
1.000000 1.000000 1.000000 1.000000 1.000000
1.000000 1.000000 1.000000 1.000000 1.000000
1.000000 1.000000 1.000000 1.000000 1.000000
1.000000 1.000000 1.000000 1.000000 1.000000
1.000000 1.000000 1.000000 1.000000 1.000000
1.000000 1.000000 1.000000 1.000000 1.000000
1.000000 1.000000 1.000000 1.000000 1.000000
1.000000 1.000000 1.000000 1.000000 1.000000
1.000000 1.000000 1.000000 1.000000 1.000000
1.000000 1.000000 1.000000 1.000000 1.000000
1.000000 1.000000 1.000000 1.000000 1.000000
1.000000 1.000000 1.000000 1.000000 1.000000
1.000000 1.000000 1.000000 1.000000 1.000000
1.000000 1.000000 1.000000 1.000000 1.000000
1.000000 1.000000 1.000000 1.000000 1.000000
1.000000 1.000000 1.000000 1.000000 1.000000
1.000000 1.000000 1.000000 1.000000 1.000000
1.000000 1.000000 1.000000 1.000000 1.000000
1.000000 1.000000 1.000000 1.000000 1.000000
1.000000 1.000000 1.000000 1.000000 1.000000
1.000000 1.000000 1.000000 0.947368 0.987500
1.000000 1.000000 1.000000 1.000000 1.000000
1.000000 1.000000 1.000000 1.000000 1.000000
1.000000 1.000000 1.000000 1.000000 1.000000
1.000000 1.000000 1.000000 1.000000 1.000000
1.000000 1.000000 1.000000 1.000000 1.000000
1.000000 1.000000 1.000000 1.000000 1.000000
1.000000 1.000000 1.000000 1.000000 1.000000
1.000000 1.000000 1.000000 1.000000 1.000000
1.000000 1.000000 1.000000 1.000000 1.000000
1.000000 1.000000 1.000000 1.000000 1.000000
1.000000 1.000000 1.000000 1.000000 1.000000
1.000000 1.000000 1.000000 1.000000 1.000000
1.000000 1.000000 1.000000 1.000000 1.000000
