0.000000 0.142857 0.488889 0.480000 0.277937
0.459459 0.604651 0.000000 0.000000 0.266028
0.377778 0.000000 0.000000 0.190476 0.142063
0.564103 0.467532 0.000000 0.100000 0.282909
0.433333 0.654545 0.000000 0.272727 0.340152
0.441176 0.583333 0.000000 0.190476 0.303746
0.472222 0.666667 0.000000 0.272727 0.352904
0.459459 0.634146 0.000000 0.272727 0.341583
0.472222 0.666667 0.000000 0.416667 0.388889
0.531250 0.722222 0.357143 0.687500 0.574529
0.478873 0.722222 0.000000 0.518519 0.429903
0.478873 0.756757 0.000000 0.482759 0.429597
0.485714 0.756757 0.000000 0.518519 0.440247
0.557377 0.850000 0.285714 0.709677 0.600692
0.629630 1.000000 0.516129 0.848485 0.748561
0.680000 0.976744 0.685714 0.812500 0.788740
0.607143 0.954545 0.516129 0.689655 0.691868
0.772727 0.976744 0.904762 0.774194 0.857107
0.914286 0.954545 1.000000 0.857143 0.931494
1.000000 1.000000 1.000000 1.000000 1.000000
0.894737 0.976744 0.954545 0.914286 0.935078
0.971429 0.975610 0.820513 0.844444 0.902999
1.000000 1.000000 0.954545 0.950000 0.976136
1.000000 1.000000 1.000000 1.000000 1.000000
1.000000 1.000000 1.000000 1.000000 1.000000
1.000000 1.000000 1.000000 1.000000 1.000000
1.000000 1.000000 0.978723 0.972973 0.987924
1.000000 1.000000 1.000000 1.000000 1.000000
0.918919 1.000000 1.000000 0.914286 0.958301
1.000000 1.000000 1.000000 1.000000 1.000000
1.000000 1.000000 0.978723 0.972973 0.987924
1.000000 1.000000 1.000000 1.000000 1.000000
0.918919 1.000000 0.978723 0.882353 0.944999
1.000000 1.000000 1.000000 1.000000 1.000000
1.000000 1.000000 1.000000 1.000000 1.000000
0.971429 0.975610 0.978723 0.918919 0.961170
1.000000 1.000000 1.000000 1.000000 1.000000
1.000000 1.000000 1.000000 1.000000 1.000000
1.000000 1.000000 1.000000 1.000000 1.000000
1.000000 1.000000 0.978723 0.972973 0.987924
1.000000 1.000000 1.000000 1.000000 1.000000
1.000000 1.000000 1.000000 1.000000 1.000000
1.000000 1.000000 1.000000 1.000000 1.000000
1.000000 1.000000 1.000000 1.000000 1.000000
1.000000 1.000000 1.000000 1.000000 1.000000
1.000000 1.000000 1.000000 1.000000 1.000000
0.640000 1.000000 1.000000 0.808511 0.862128
0.772727 0.954545 0.930233 0.689655 0.836790
0.971429 0.976744 1.000000 0.944444 0.973154
0.944444 0.976744 0.978723 0.882353 0.945566
0.971429 1.000000 0.978723 0.944444 0.973649
0.944444 1.000000 1.000000 0.944444 0.972222
0.971429 1.000000 1.000000 0.972973 0.986100
1.000000 1.000000 1.000000 1.000000 1.000000
1.000000 1.000000 1.000000 1.000000 1.000000
1.000000 1.000000 1.000000 1.000000 1.000000
1.000000 1.000000 1.000000 1.000000 1.000000
1.000000 1.000000 1.000000 1.000000 1.000000
1.000000 1.000000 1.000000 1.000000 1.000000
1.000000 1.000000 1.000000 1.000000 1.000000
1.000000 1.000000 1.000000 1.000000 1.000000
1.000000 1.000000 1.000000 1.000000 1.000000
1.000000 1.000000 1.000000 1.000000 1.000000
1.000000 1.000000 1.000000 1.000000 1.000000
1.000000 1.000000 1.000000 1.000000 1.000000
1.000000 1.000000 1.000000 1.000000 1.000000
1.000000 1.000000 1.000000 1.000000 1.000000
1.000000 1.000000 1.000000 1.000000 1.000000
1.000000 1.000000 1.000000 1.000000 1.000000
1.000000 1.000000 1.000000 1.000000 1.000000
1.000000 1.000000 1.000000 1.000000 1.000000
1.000000 1.000000 1.000000 1.000000 1.000000
1.000000 1.000000 1.000000 1.000000 1.000000
1.000000 1.000000 1.000000 1.000000 1.000000
1.000000 1.000000 1.000000 1.000000 1.000000
1.000000 1.000000 1.000000 1.000000 1.000000
1.000000 1.000000 1.000000 1.000000 1.000000
1.000000 1.000000 1.000000 1.000000 1.000000
1.000000 1.000000 1.000000 1.000000 1.000000
1.000000 1.000000 1.000000 1.000000 1.000000
1.000000 1.000000 1.000000 1.000000 1.000000
1.000000 1.000000 1.000000 1.000000 1.000000
1.000000 1.000000 1.000000 1.000000 1.000000
1.000000 1.000000 1.000000 1.000000 1.000000
1.000000 1.000000 1.000000 1.000000 1.000000
1.000000 1.000000 1.000000 1.000000 1.000000
1.000000 1.000000 0.978723 0.972973 0.987924
1.000000 1.000000 1.000000 1.000000 1.000000
1.000000 1.000000 1.000000 1.000000 1.000000
1.000000 1.000000 1.000000 1.000000 1.000000
1.000000 1.000000 1.000000 1.000000 1.000000
1.000000 1.000000 1.000000 1.000000 1.000000
1.000000 1.000000 1.000000 1.000000 1.000000
1.000000 1.000000 1.000000 1.000000 1.000000
1.000000 1.000000 1.000000 1.000000 1.000000
1.000000 1.000000 1.000000 1.000000 1.000000
1.000000 1.000000 1.000000 1.000000 1.000000
1.000000 1.000000 1.000000 1.000000 1.000000
1.000000 1.000000 1.000000 1.000000 1.000000
1.000000 1.000000 1.000000 1.000000 1.000000
