1.645848
1.482809
2.287798
2.195371
2.148563
2.815427
2.550127
3.698211
2.910700
1.926502
2.517802
3.704604
3.523463
2.016743
1.030953
0.693919
1.346654
0.669282
0.224146
0.011595
0.250675
0.568127
0.055205
0.003955
0.002307
0.003913
0.012889
0.000224
0.135122
0.006753
0.103314
0.001472
0.177977
0.000220
0.001210
0.083320
0.001925
0.000122
0.001222
0.037046
0.000673
0.000400
0.000143
0.000055
0.000128
0.000070
0.544214
1.004049
0.130824
0.214553
0.067010
0.048573
0.030187
0.006381
0.000216
0.000142
0.000064
0.000018
0.000083
0.000103
0.007658
0.000048
0.003491
0.000013
0.000019
0.000013
0.000006
0.000012
0.001631
0.000051
0.000323
0.001186
0.001073
0.000199
0.000211
0.001739
0.000090
0.000026
0.000177
0.000526
0.000566
0.000311
0.000157
0.000061
0.000028
0.001902
0.010519
0.000031
0.000011
0.000010
0.000609
0.000010
0.000011
0.000202
0.001410
0.000068
0.000845
0.000033
0.000043
0.000458
