0.000000 0.285714 0.328358 1.000000 0.403518
0.298246 0.590909 0.000000 0.000000 0.222289
0.232877 0.000000 0.000000 1.000000 0.308219
0.500000 0.321429 0.000000 1.000000 0.455357
0.302326 0.529412 0.000000 1.000000 0.457934
0.294118 0.518519 0.000000 1.000000 0.453159
0.309091 0.666667 0.000000 1.000000 0.493939
0.298246 0.650000 0.000000 1.000000 0.487061
0.309091 0.722222 0.000000 1.000000 0.507828
0.361702 0.866667 1.000000 0.846154 0.768631
0.314815 0.866667 0.000000 0.875000 0.514120
0.314815 0.875000 0.000000 0.700000 0.472454
0.320755 0.875000 0.000000 0.875000 0.517689
0.386364 0.894737 0.800000 0.916667 0.749442
0.459459 1.000000 1.000000 1.000000 0.864865
0.515152 0.954545 1.000000 1.000000 0.867424
0.435897 0.913043 1.000000 1.000000 0.837235
0.629630 0.954545 1.000000 1.000000 0.896044
0.888889 0.913043 1.000000 0.937500 0.934858
1.000000 1.000000 1.000000 1.000000 1.000000
0.809524 0.954545 1.000000 1.000000 0.941017
0.944444 1.000000 1.000000 0.730769 0.918803
1.000000 1.000000 1.000000 0.904762 0.976190
1.000000 1.000000 1.000000 1.000000 1.000000
1.000000 1.000000 1.000000 1.000000 1.000000
1.000000 1.000000 1.000000 1.000000 1.000000
1.000000 1.000000 0.958333 1.000000 0.989583
1.000000 1.000000 1.000000 1.000000 1.000000
0.850000 1.000000 1.000000 1.000000 0.962500
1.000000 1.000000 1.000000 1.000000 1.000000
1.000000 1.000000 0.958333 1.000000 0.989583
1.000000 1.000000 1.000000 1.000000 1.000000
0.850000 1.000000 0.958333 1.000000 0.952083
1.000000 1.000000 1.000000 1.000000 1.000000
1.000000 1.000000 1.000000 1.000000 1.000000
0.944444 1.000000 0.958333 0.944444 0.961806
1.000000 1.000000 1.000000 1.000000 1.000000
1.000000 1.000000 1.000000 1.000000 1.000000
1.000000 1.000000 1.000000 1.000000 1.000000
1.000000 1.000000 0.958333 1.000000 0.989583
1.000000 1.000000 1.000000 1.000000 1.000000
1.000000 1.000000 1.000000 1.000000 1.000000
1.000000 1.000000 1.000000 1.000000 1.000000
1.000000 1.000000 1.000000 1.000000 1.000000
1.000000 1.000000 1.000000 1.000000 1.000000
1.000000 1.000000 1.000000 1.000000 1.000000
1.000000 1.000000 1.000000 0.678571 0.919643
0.629630 0.913043 1.000000 1.000000 0.885668
0.944444 0.954545 1.000000 1.000000 0.974747
0.894737 0.954545 0.958333 1.000000 0.951904
0.944444 1.000000 0.958333 1.000000 0.975694
0.894737 1.000000 1.000000 1.000000 0.973684
0.944444 1.000000 1.000000 1.000000 0.986111
1.000000 1.000000 1.000000 1.000000 1.000000
1.000000 1.000000 1.000000 1.000000 1.000000
1.000000 1.000000 1.000000 1.000000 1.000000
1.000000 1.000000 1.000000 1.000000 1.000000
1.000000 1.000000 1.000000 1.000000 1.000000
1.000000 1.000000 1.000000 1.000000 1.000000
1.000000 1.000000 1.000000 1.000000 1.000000
1.000000 1.000000 1.000000 1.000000 1.000000
1.000000 1.000000 1.000000 1.000000 1.000000
1.000000 1.000000 1.000000 1.000000 1.000000
1.000000 1.000000 1.000000 1.000000 1.000000
1.000000 1.000000 1.000000 1.000000 1.000000
1.000000 1.000000 1.000000 1.000000 1.000000
1.000000 1.000000 1.000000 1.000000 1.000000
1.000000 1.000000 1.000000 1.000000 1.000000
1.000000 1.000000 1.000000 1.000000 1.000000
1.000000 1.000000 1.000000 1.000000 1.000000
1.000000 1.000000 1.000000 1.000000 1.000000
1.000000 1.000000 1.000000 1.000000 1.000000
1.000000 1.000000 1.000000 1.000000 1.000000
1.000000 1.000000 1.000000 1.000000 1.000000
1.000000 1.000000 1.000000 1.000000 1.000000
1.000000 1.000000 1.000000 1.000000 1.000000
1.000000 1.000000 1.000000 1.000000 1.000000
1.000000 1.000000 1.000000 1.000000 1.000000
1.000000 1.000000 1.000000 1.000000 1.000000
1.000000 1.000000 1.000000 1.000000 1.000000
1.000000 1.000000 1.000000 1.000000 1.000000
1.000000 1.000000 1.000000 1.000000 1.000000
1.000000 1.000000 1.000000 1.000000 1.000000
1.000000 1.000000 1.000000 1.000000 1.000000
1.000000 1.000000 1.000000 1.000000 1.000000
1.000000 1.000000 1.000000 1.000000 1.000000
1.000000 1.000000 0.958333 1.000000 0.989583
1.000000 1.000000 1.000000 1.000000 1.000000
1.000000 1.000000 1.000000 1.000000 1.000000
1.000000 1.000000 1.000000 1.000000 1.000000
1.000000 1.000000 1.000000 1.000000 1.000000
1.000000 1.000000 1.000000 1.000000 1.000000
1.000000 1.000000 1.000000 1.000000 1.000000
1.000000 1.000000 1.000000 1.000000 1.000000
1.000000 1.000000 1.000000 1.000000 1.000000
1.000000 1.000000 1.000000 1.000000 1.000000
1.000000 1.000000 1.000000 1.000000 1.000000
1.000000 1.000000 1.000000 1.000000 1.000000
1.000000 1.000000 1.000000 1.000000 1.000000
1.000000 1.000000 1.000000 1.000000 1.000000
