0.000000 0.095238 0.956522 0.315789 0.341887
1.000000 0.619048 0.000000 0.000000 0.404762
1.000000 0.000000 0.000000 0.105263 0.276316
0.647059 0.857143 0.000000 0.052632 0.389208
0.764706 0.857143 0.000000 0.157895 0.444936
0.882353 0.666667 0.000000 0.105263 0.413571
1.000000 0.666667 0.000000 0.157895 0.456140
1.000000 0.619048 0.000000 0.157895 0.444236
1.000000 0.619048 0.000000 0.263158 0.470551
1.000000 0.619048 0.217391 0.578947 0.603847
1.000000 0.619048 0.000000 0.368421 0.496867
1.000000 0.666667 0.000000 0.368421 0.508772
1.000000 0.666667 0.000000 0.368421 0.508772
1.000000 0.809524 0.173913 0.578947 0.640596
1.000000 1.000000 0.347826 0.736842 0.771167
1.000000 1.000000 0.521739 0.684211 0.801487
1.000000 1.000000 0.347826 0.526316 0.718535
1.000000 1.000000 0.826087 0.631579 0.864416
0.941176 1.000000 1.000000 0.789474 0.932663
1.000000 1.000000 1.000000 1.000000 1.000000
1.000000 1.000000 0.913043 0.842105 0.938787
1.000000 0.952381 0.695652 1.000000 0.912008
1.000000 1.000000 0.913043 1.000000 0.978261
1.000000 1.000000 1.000000 1.000000 1.000000
1.000000 1.000000 1.000000 1.000000 1.000000
1.000000 1.000000 1.000000 1.000000 1.000000
1.000000 1.000000 1.000000 0.947368 0.986842
1.000000 1.000000 1.000000 1.000000 1.000000
1.000000 1.000000 1.000000 0.842105 0.960526
1.000000 1.000000 1.000000 1.000000 1.000000
1.000000 1.000000 1.000000 0.947368 0.986842
1.000000 1.000000 1.000000 1.000000 1.000000
1.000000 1.000000 1.000000 0.789474 0.947368
1.000000 1.000000 1.000000 1.000000 1.000000
1.000000 1.000000 1.000000 1.000000 1.000000
1.000000 0.952381 1.000000 0.894737 0.961779
1.000000 1.000000 1.000000 1.000000 1.000000
1.000000 1.000000 1.000000 1.000000 1.000000
1.000000 1.000000 1.000000 1.000000 1.000000
1.000000 1.000000 1.000000 0.947368 0.986842
1.000000 1.000000 1.000000 1.000000 1.000000
1.000000 1.000000 1.000000 1.000000 1.000000
1.000000 1.000000 1.000000 1.000000 1.000000
1.000000 1.000000 1.000000 1.000000 1.000000
1.000000 1.000000 1.000000 1.000000 1.000000
1.000000 1.000000 1.000000 1.000000 1.000000
0.470588 1.000000 1.000000 1.000000 0.867647
1.000000 1.000000 0.869565 0.526316 0.848970
1.000000 1.000000 1.000000 0.894737 0.973684
1.000000 1.000000 1.000000 0.789474 0.947368
1.000000 1.000000 1.000000 0.894737 0.973684
1.000000 1.000000 1.000000 0.894737 0.973684
1.000000 1.000000 1.000000 0.947368 0.986842
1.000000 1.000000 1.000000 1.000000 1.000000
1.000000 1.000000 1.000000 1.000000 1.000000
1.000000 1.000000 1.000000 1.000000 1.000000
1.000000 1.000000 1.000000 1.000000 1.000000
1.000000 1.000000 1.000000 1.000000 1.000000
1.000000 1.000000 1.000000 1.000000 1.000000
1.000000 1.000000 1.000000 1.000000 1.000000
1.000000 1.000000 1.000000 1.000000 1.000000
1.000000 1.000000 1.000000 1.000000 1.000000
1.000000 1.000000 1.000000 1.000000 1.000000
1.000000 1.000000 1.000000 1.000000 1.000000
1.000000 1.000000 1.000000 1.000000 1.000000
1.000000 1.000000 1.000000 1.000000 1.000000
1.000000 1.000000 1.000000 1.000000 1.000000
1.000000 1.000000 1.000000 1.000000 1.000000
1.000000 1.000000 1.000000 1.000000 1.000000
1.000000 1.000000 1.000000 1.000000 1.000000
1.000000 1.000000 1.000000 1.000000 1.000000
1.000000 1.000000 1.000000 1.000000 1.000000
1.000000 1.000000 1.000000 1.000000 1.000000
1.000000 1.000000 1.000000 1.000000 1.000000
1.000000 1.000000 1.000000 1.000000 1.000000
1.000000 1.000000 1.000000 1.000000 1.000000
1.000000 1.000000 1.000000 1.000000 1.000000
1.000000 1.000000 1.000000 1.000000 1.000000
1.000000 1.000000 1.000000 1.000000 1.000000
1.000000 1.000000 1.000000 1.000000 1.000000
1.000000 1.000000 1.000000 1.000000 1.000000
1.000000 1.000000 1.000000 1.000000 1.000000
1.000000 1.000000 1.000000 1.000000 1.000000
1.000000 1.000000 1.000000 1.000000 1.000000
1.000000 1.000000 1.000000 1.000000 1.000000
1.000000 1.000000 1.000000 1.000000 1.000000
1.000000 1.000000 1.000000 0.947368 0.986842
1.000000 1.000000 1.000000 1.000000 1.000000
1.000000 1.000000 1.000000 1.000000 1.000000
1.000000 1.000000 1.000000 1.000000 1.000000
1.000000 1.000000 1.000000 1.000000 1.000000
1.000000 1.000000 1.000000 1.000000 1.000000
1.000000 1.000000 1.000000 1.000000 1.000000
1.000000 1.000000 1.000000 1.000000 1.000000
1.000000 1.000000 1.000000 1.000000 1.000000
1.000000 1.000000 1.000000 1.000000 1.000000
1.000000 1.000000 1.000000 1.000000 1.000000
1.000000 1.000000 1.000000 1.000000 1.000000
1.000000 1.000000 1.000000 1.000000 1.000000
1.000000 1.000000 1.000000 1.000000 1.000000
