0.919388 0.953304 0.802326 0.721782 0.924644 0.631166 0.941545 0.905642 0.774127 0.684836 0.828900
0.980612 0.960352 0.889535 0.719802 0.783096 0.790359 0.944676 0.897860 0.737166 0.911794 0.863600
0.980612 0.967401 0.888566 0.903960 0.924644 0.817265 0.926931 0.856031 0.844969 0.870168 0.899500
0.973469 0.988546 0.913760 0.864356 0.882892 0.858744 0.943633 0.931907 0.773101 0.849356 0.899700
0.975510 0.986784 0.910853 0.871287 0.890020 0.810538 0.944676 0.904669 0.907598 0.897919 0.911800
0.976531 0.981498 0.917636 0.885149 0.935845 0.895740 0.954071 0.887160 0.860370 0.897919 0.920000
0.965306 0.984141 0.932171 0.944554 0.971487 0.876682 0.948852 0.903696 0.853183 0.807730 0.919900
0.984694 0.970925 0.925388 0.833663 0.968432 0.886771 0.957203 0.941634 0.929158 0.841427 0.924500
0.985714 0.970044 0.920543 0.921782 0.916497 0.874439 0.951983 0.906615 0.935318 0.925669 0.931700
0.978571 0.988546 0.937984 0.900000 0.916497 0.862108 0.957203 0.929961 0.928131 0.913776 0.932600
0.977551 0.991189 0.920543 0.937624 0.911405 0.914798 0.944676 0.876459 0.875770 0.933598 0.929200
0.975510 0.986784 0.929264 0.899010 0.961303 0.936099 0.950939 0.930934 0.932238 0.870168 0.937600
0.978571 0.989427 0.923450 0.867327 0.950102 0.938341 0.963466 0.912451 0.904517 0.922696 0.935400
0.974490 0.985903 0.926357 0.942574 0.969450 0.927130 0.959290 0.943580 0.921971 0.870168 0.942600
0.982653 0.988546 0.934109 0.936634 0.933809 0.899103 0.961378 0.951362 0.877823 0.934589 0.941100
0.973469 0.984141 0.949612 0.899010 0.931772 0.919283 0.979123 0.924125 0.937372 0.925669 0.942900
0.987755 0.974449 0.956395 0.920792 0.930754 0.919283 0.964509 0.921206 0.945585 0.935580 0.946100
0.985714 0.989427 0.932171 0.940594 0.948065 0.909193 0.971816 0.946498 0.929158 0.923687 0.948400
0.979592 0.988546 0.937984 0.943564 0.952138 0.920404 0.973904 0.943580 0.922998 0.939544 0.950900
0.976531 0.975330 0.953488 0.913861 0.974542 0.928251 0.979123 0.936770 0.940452 0.891972 0.947300
0.986735 0.986784 0.952519 0.953465 0.943992 0.891256 0.961378 0.946498 0.933265 0.934589 0.950100
0.986735 0.986784 0.948643 0.934653 0.943992 0.912556 0.967641 0.950389 0.940452 0.946482 0.952600
0.982653 0.989427 0.959302 0.947525 0.912424 0.926009 0.965553 0.891051 0.931211 0.958375 0.947000
0.984694 0.985022 0.955426 0.938614 0.905295 0.933857 0.964509 0.946498 0.957906 0.955401 0.953300
0.986735 0.977974 0.952519 0.949505 0.954175 0.920404 0.963466 0.939689 0.921971 0.947473 0.952000
0.985714 0.982379 0.954457 0.941584 0.949084 0.946188 0.966597 0.959144 0.922998 0.927651 0.954000
0.982653 0.987665 0.959302 0.933663 0.979633 0.931614 0.967641 0.954280 0.954825 0.870168 0.952600
0.983673 0.986784 0.937984 0.945545 0.981670 0.926009 0.965553 0.947471 0.951745 0.862240 0.949300
0.980612 0.989427 0.941860 0.924752 0.956212 0.943946 0.978079 0.960117 0.948665 0.937562 0.956500
0.985714 0.977974 0.951550 0.918812 0.976578 0.957399 0.970772 0.963035 0.942505 0.894945 0.954000
0.986735 0.928634 0.942829 0.917822 0.932790 0.910314 0.969729 0.963035 0.959959 0.969277 0.948100
0.986735 0.992952 0.963178 0.968317 0.942974 0.912556 0.958246 0.938716 0.934292 0.952428 0.956000
0.984694 0.982379 0.958333 0.923762 0.936864 0.955157 0.970772 0.951362 0.963039 0.950446 0.957900
0.987755 0.987665 0.959302 0.965347 0.949084 0.921525 0.966597 0.941634 0.950719 0.950446 0.958700
0.985714 0.990308 0.968023 0.947525 0.974542 0.941704 0.970772 0.943580 0.945585 0.907830 0.958000
0.987755 0.985903 0.956395 0.961386 0.964358 0.930493 0.975992 0.954280 0.950719 0.939544 0.961200
0.981633 0.984141 0.937984 0.949505 0.918534 0.948430 0.970772 0.922179 0.968172 0.963330 0.954700
0.985714 0.978855 0.961240 0.932673 0.955193 0.954036 0.970772 0.926070 0.959959 0.957384 0.958300
0.990816 0.985903 0.952519 0.932673 0.896130 0.947309 0.965553 0.949416 0.927105 0.977205 0.953000
0.989796 0.991189 0.968992 0.944554 0.894094 0.932735 0.969729 0.948444 0.922998 0.975223 0.954600
0.983673 0.985022 0.958333 0.911881 0.956212 0.969731 0.974948 0.959144 0.947639 0.945491 0.959300
0.973469 0.988546 0.971899 0.969307 0.980652 0.923767 0.973904 0.925097 0.943532 0.883053 0.953900
0.987755 0.988546 0.955426 0.964356 0.964358 0.950673 0.968685 0.954280 0.951745 0.942517 0.963200
0.983673 0.989427 0.966085 0.973267 0.980652 0.921525 0.967641 0.961089 0.948665 0.897919 0.959700
0.988776 0.987665 0.969961 0.960396 0.974542 0.903587 0.975992 0.964981 0.927105 0.918731 0.958100
0.984694 0.988546 0.966085 0.958416 0.943992 0.941704 0.979123 0.960117 0.966119 0.947473 0.964100
0.985714 0.988546 0.956395 0.951485 0.932790 0.951794 0.983299 0.950389 0.935318 0.960357 0.960000
0.986735 0.988546 0.960271 0.969307 0.968432 0.930493 0.982255 0.964008 0.950719 0.939544 0.964600
0.993878 0.976211 0.962209 0.958416 0.972505 0.922646 0.972860 0.975681 0.945585 0.930624 0.961600
0.985714 0.986784 0.956395 0.970297 0.958248 0.945067 0.968685 0.960117 0.938398 0.944500 0.961900
