0.000000 0.095238 0.956522 0.210526 0.350000
1.000000 0.000000 0.000000 0.052632 0.225000
0.647059 0.000000 0.913043 0.000000 0.400000
0.294118 0.000000 1.000000 0.000000 0.350000
0.647059 0.619048 0.956522 0.052632 0.587500
0.823529 0.000000 0.913043 0.105263 0.462500
0.882353 0.238095 0.695652 0.210526 0.500000
0.941176 0.000000 0.043478 0.315789 0.287500
1.000000 0.619048 0.000000 0.315789 0.450000
1.000000 0.190476 0.130435 0.421053 0.400000
1.000000 0.619048 0.391304 0.578947 0.625000
1.000000 0.666667 0.043478 0.473684 0.512500
1.000000 0.666667 0.478261 0.526316 0.650000
0.941176 0.857143 1.000000 0.684211 0.875000
0.941176 0.761905 1.000000 0.526316 0.812500
0.941176 0.904762 1.000000 0.473684 0.837500
1.000000 1.000000 1.000000 0.789474 0.950000
1.000000 1.000000 1.000000 0.947368 0.987500
1.000000 1.000000 1.000000 0.947368 0.987500
1.000000 1.000000 1.000000 1.000000 1.000000
1.000000 1.000000 1.000000 1.000000 1.000000
1.000000 1.000000 1.000000 1.000000 1.000000
1.000000 1.000000 1.000000 1.000000 1.000000
1.000000 1.000000 1.000000 1.000000 1.000000
1.000000 1.000000 1.000000 1.000000 1.000000
1.000000 1.000000 1.000000 1.000000 1.000000
1.000000 1.000000 1.000000 0.947368 0.987500
0.764706 0.952381 0.478261 1.000000 0.787500
0.823529 0.666667 0.869565 1.000000 0.837500
0.941176 1.000000 0.913043 1.000000 0.962500
1.000000 1.000000 1.000000 1.000000 1.000000
1.000000 0.952381 1.000000 1.000000 0.987500
1.000000 1.000000 1.000000 1.000000 1.000000
0.882353 1.000000 1.000000 0.947368 0.962500
0.647059 0.952381 1.000000 0.842105 0.875000
1.000000 0.952381 1.000000 0.526316 0.875000
0.882353 1.000000 0.956522 0.947368 0.950000
1.000000 1.000000 1.000000 1.000000 1.000000
0.941176 1.000000 1.000000 1.000000 0.987500
1.000000 1.000000 1.000000 1.000000 1.000000
1.000000 1.000000 1.000000 1.000000 1.000000
1.000000 1.000000 0.956522 1.000000 0.987500
1.000000 1.000000 1.000000 0.894737 0.975000
1.000000 1.000000 1.000000 0.894737 0.975000
1.000000 1.000000 1.000000 1.000000 1.000000
1.000000 1.000000 1.000000 0.947368 0.987500
1.000000 1.000000 1.000000 0.947368 0.987500
1.000000 0.952381 1.000000 0.894737 0.962500
1.000000 0.952381 1.000000 1.000000 0.987500
1.000000 0.952381 1.000000 1.000000 0.987500
1.000000 0.952381 1.000000 1.000000 0.987500
1.000000 0.952381 1.000000 1.000000 0.987500
1.000000 0.952381 1.000000 1.000000 0.987500
1.000000 0.952381 1.000000 1.000000 0.987500
1.000000 0.952381 1.000000 1.000000 0.987500
1.000000 0.952381 1.000000 1.000000 0.987500
1.000000 0.952381 1.000000 1.000000 0.987500
1.000000 0.952381 1.000000 1.000000 0.987500
1.000000 0.952381 1.000000 1.000000 0.987500
1.000000 0.952381 1.000000 1.000000 0.987500
1.000000 0.952381 1.000000 0.947368 0.975000
1.000000 0.952381 1.000000 0.947368 0.975000
1.000000 0.952381 1.000000 0.947368 0.975000
1.000000 0.952381 1.000000 1.000000 0.987500
1.000000 0.952381 1.000000 1.000000 0.987500
1.000000 0.952381 1.000000 1.000000 0.987500
1.000000 0.952381 1.000000 1.000000 0.987500
1.000000 0.952381 1.000000 1.000000 0.987500
1.000000 0.952381 1.000000 1.000000 0.987500
1.000000 0.952381 1.000000 1.000000 0.987500
1.000000 0.952381 1.000000 1.000000 0.987500
1.000000 0.952381 1.000000 1.000000 0.987500
1.000000 0.952381 1.000000 1.000000 0.987500
1.000000 0.952381 1.000000 1.000000 0.987500
1.000000 0.952381 1.000000 0.947368 0.975000
1.000000 0.952381 1.000000 0.947368 0.975000
1.000000 0.952381 1.000000 0.947368 0.975000
1.000000 0.952381 1.000000 1.000000 0.987500
1.000000 0.952381 1.000000 1.000000 0.987500
1.000000 0.952381 1.000000 1.000000 0.987500
1.000000 0.952381 1.000000 1.000000 0.987500
1.000000 0.952381 1.000000 1.000000 0.987500
1.000000 0.952381 1.000000 1.000000 0.987500
1.000000 0.952381 1.000000 1.000000 0.987500
1.000000 0.952381 1.000000 1.000000 0.987500
1.000000 0.952381 1.000000 1.000000 0.987500
1.000000 0.952381 1.000000 1.000000 0.987500
1.000000 0.952381 1.000000 1.000000 0.987500
1.000000 0.952381 1.000000 1.000000 0.987500
1.000000 0.952381 1.000000 1.000000 0.987500
1.000000 0.952381 1.000000 1.000000 0.987500
1.000000 0.952381 1.000000 0.947368 0.975000
1.000000 0.952381 1.000000 1.000000 0.987500
1.000000 0.952381 1.000000 1.000000 0.987500
1.000000 0.952381 1.000000 0.947368 0.975000
1.000000 0.952381 1.000000 1.000000 0.987500
1.000000 0.952381 1.000000 1.000000 0.987500
1.000000 0.952381 1.000000 1.000000 0.987500
1.000000 0.952381 1.000000 1.000000 0.987500
1.000000 0.952381 1.000000 1.000000 0.987500
