0.000000 0.133333 0.500000 0.320000 0.238333
0.382022 0.000000 0.000000 0.100000 0.120506
0.468085 0.000000 0.575342 0.000000 0.260857
0.434783 0.000000 0.494624 0.000000 0.232352
0.594595 0.590909 0.745763 0.100000 0.507817
0.608696 0.000000 0.608696 0.190476 0.351967
0.566038 0.322581 0.603774 0.347826 0.460055
0.457143 0.000000 0.045455 0.480000 0.245649
0.465753 0.684211 0.000000 0.461538 0.402876
0.492754 0.307692 0.162162 0.571429 0.383509
0.607143 0.722222 0.514286 0.666667 0.627579
0.507463 0.756757 0.076923 0.600000 0.485286
0.629630 0.777778 0.536585 0.689655 0.658412
0.864865 0.900000 0.920000 0.787879 0.868186
0.820513 0.820513 0.867925 0.689655 0.799651
0.780488 0.904762 0.938776 0.642857 0.816721
0.944444 0.954545 1.000000 0.882353 0.945336
0.971429 1.000000 1.000000 0.972973 0.986100
0.971429 1.000000 1.000000 0.972973 0.986100
1.000000 1.000000 1.000000 1.000000 1.000000
1.000000 1.000000 1.000000 1.000000 1.000000
1.000000 1.000000 1.000000 1.000000 1.000000
1.000000 1.000000 1.000000 1.000000 1.000000
1.000000 1.000000 1.000000 1.000000 1.000000
1.000000 1.000000 1.000000 1.000000 1.000000
1.000000 1.000000 1.000000 1.000000 1.000000
0.971429 1.000000 1.000000 0.972973 0.986100
0.866667 0.975610 0.647059 0.690909 0.795061
0.903226 0.777778 0.930233 0.760000 0.842809
0.969697 0.976744 0.954545 0.950000 0.962747
1.000000 1.000000 1.000000 1.000000 1.000000
1.000000 0.975610 0.978723 1.000000 0.988583
1.000000 1.000000 1.000000 1.000000 1.000000
0.937500 1.000000 0.938776 0.972973 0.962312
0.785714 0.975610 0.821429 0.914286 0.874260
0.790698 0.975610 0.978723 0.689655 0.858672
0.937500 0.976744 0.977778 0.900000 0.948005
1.000000 1.000000 1.000000 1.000000 1.000000
0.969697 1.000000 1.000000 0.974359 0.986014
1.000000 1.000000 1.000000 1.000000 1.000000
1.000000 1.000000 1.000000 1.000000 1.000000
1.000000 0.976744 0.977778 1.000000 0.988630
0.971429 1.000000 0.978723 0.944444 0.973649
0.971429 1.000000 0.978723 0.944444 0.973649
1.000000 1.000000 1.000000 1.000000 1.000000
0.971429 1.000000 1.000000 0.972973 0.986100
0.971429 1.000000 1.000000 0.972973 0.986100
0.944444 0.975610 1.000000 0.918919 0.959743
1.000000 0.975610 1.000000 0.974359 0.987492
1.000000 0.975610 1.000000 0.974359 0.987492
1.000000 0.975610 1.000000 0.974359 0.987492
1.000000 0.975610 1.000000 0.974359 0.987492
1.000000 0.975610 1.000000 0.974359 0.987492
1.000000 0.975610 1.000000 0.974359 0.987492
1.000000 0.975610 1.000000 0.974359 0.987492
1.000000 0.975610 1.000000 0.974359 0.987492
1.000000 0.975610 1.000000 0.974359 0.987492
1.000000 0.975610 1.000000 0.974359 0.987492
1.000000 0.975610 1.000000 0.974359 0.987492
1.000000 0.975610 1.000000 0.974359 0.987492
0.971429 0.975610 1.000000 0.947368 0.973602
0.971429 0.975610 1.000000 0.947368 0.973602
0.971429 0.975610 1.000000 0.947368 0.973602
1.000000 0.975610 1.000000 0.974359 0.987492
1.000000 0.975610 1.000000 0.974359 0.987492
1.000000 0.975610 1.000000 0.974359 0.987492
1.000000 0.975610 1.000000 0.974359 0.987492
1.000000 0.975610 1.000000 0.974359 0.987492
1.000000 0.975610 1.000000 0.974359 0.987492
1.000000 0.975610 1.000000 0.974359 0.987492
1.000000 0.975610 1.000000 0.974359 0.987492
1.000000 0.975610 1.000000 0.974359 0.987492
1.000000 0.975610 1.000000 0.974359 0.987492
1.000000 0.975610 1.000000 0.974359 0.987492
0.971429 0.975610 1.000000 0.947368 0.973602
0.971429 0.975610 1.000000 0.947368 0.973602
0.971429 0.975610 1.000000 0.947368 0.973602
1.000000 0.975610 1.000000 0.974359 0.987492
1.000000 0.975610 1.000000 0.974359 0.987492
1.000000 0.975610 1.000000 0.974359 0.987492
1.000000 0.975610 1.000000 0.974359 0.987492
1.000000 0.975610 1.000000 0.974359 0.987492
1.000000 0.975610 1.000000 0.974359 0.987492
1.000000 0.975610 1.000000 0.974359 0.987492
1.000000 0.975610 1.000000 0.974359 0.987492
1.000000 0.975610 1.000000 0.974359 0.987492
1.000000 0.975610 1.000000 0.974359 0.987492
1.000000 0.975610 1.000000 0.974359 0.987492
1.000000 0.975610 1.000000 0.974359 0.987492
1.000000 0.975610 1.000000 0.974359 0.987492
1.000000 0.975610 1.000000 0.974359 0.987492
0.971429 0.975610 1.000000 0.947368 0.973602
1.000000 0.975610 1.000000 0.974359 0.987492
1.000000 0.975610 1.000000 0.974359 0.987492
0.971429 0.975610 1.000000 0.947368 0.973602
1.000000 0.975610 1.000000 0.974359 0.987492
1.000000 0.975610 1.000000 0.974359 0.987492
1.000000 0.975610 1.000000 0.974359 0.987492
1.000000 0.975610 1.000000 0.974359 0.987492
1.000000 0.975610 1.000000 0.974359 0.987492
