1.632552
1.657010
2.763391
2.952734
2.163068
2.213938
2.295581
2.852640
3.267804
2.911068
1.986840
3.155771
2.093111
0.761163
1.478966
0.849425
0.141972
0.032467
0.041207
0.002325
0.001958
0.001306
0.003364
0.007582
0.006890
0.004885
0.052275
1.559146
0.695006
0.111506
0.007356
0.021150
0.012917
0.063469
0.913474
0.921829
0.363800
0.001861
0.094898
0.013248
0.004933
0.033963
0.190619
0.152450
0.001707
0.061683
0.085030
0.138420
0.067507
0.039532
0.026414
0.020153
0.013125
0.019175
0.015284
0.018190
0.024501
0.015940
0.011794
0.010960
0.019141
0.026554
0.052158
0.021983
0.024891
0.035673
0.053159
0.063749
0.072884
0.050992
0.040039
0.044981
0.042470
0.044549
0.066918
0.113815
0.098677
0.070869
0.088967
0.051845
0.074838
0.102123
0.088178
0.086890
0.103104
0.078887
0.028843
0.022400
0.030496
0.037062
0.057445
0.079057
0.073333
0.068665
0.061792
0.047625
0.036253
0.032262
0.044536
0.057336
