0.000000 0.222222 0.338462 0.666667 0.306838
0.236111 0.000000 0.000000 1.000000 0.309028
0.366667 0.000000 0.420000 0.000000 0.196667
0.833333 0.000000 0.328571 0.000000 0.290476
0.550000 0.565217 0.611111 1.000000 0.681582
0.482759 0.000000 0.456522 1.000000 0.484820
0.416667 0.500000 0.533333 1.000000 0.612500
0.301887 0.000000 0.047619 1.000000 0.337376
0.303571 0.764706 0.000000 0.857143 0.481355
0.326923 0.800000 0.214286 0.888889 0.557524
0.435897 0.866667 0.750000 0.785714 0.709570
0.340000 0.875000 0.333333 0.818182 0.591629
0.459459 0.933333 0.611111 1.000000 0.750976
0.800000 0.947368 0.851852 0.928571 0.881948
0.727273 0.888889 0.766667 1.000000 0.845707
0.666667 0.904762 0.884615 1.000000 0.864011
0.894737 0.913043 1.000000 1.000000 0.951945
0.944444 1.000000 1.000000 1.000000 0.986111
0.944444 1.000000 1.000000 1.000000 0.986111
1.000000 1.000000 1.000000 1.000000 1.000000
1.000000 1.000000 1.000000 1.000000 1.000000
1.000000 1.000000 1.000000 1.000000 1.000000
1.000000 1.000000 1.000000 1.000000 1.000000
1.000000 1.000000 1.000000 1.000000 1.000000
1.000000 1.000000 1.000000 1.000000 1.000000
1.000000 1.000000 1.000000 1.000000 1.000000
0.944444 1.000000 1.000000 1.000000 0.986111
1.000000 1.000000 1.000000 0.527778 0.881944
1.000000 0.933333 1.000000 0.612903 0.886559
1.000000 0.954545 1.000000 0.904762 0.964827
1.000000 1.000000 1.000000 1.000000 1.000000
1.000000 1.000000 0.958333 1.000000 0.989583
1.000000 1.000000 1.000000 1.000000 1.000000
1.000000 1.000000 0.884615 1.000000 0.971154
1.000000 1.000000 0.696970 1.000000 0.924242
0.653846 1.000000 0.958333 1.000000 0.903045
1.000000 0.954545 1.000000 0.857143 0.952922
1.000000 1.000000 1.000000 1.000000 1.000000
1.000000 1.000000 1.000000 0.950000 0.987500
1.000000 1.000000 1.000000 1.000000 1.000000
1.000000 1.000000 1.000000 1.000000 1.000000
1.000000 0.954545 1.000000 1.000000 0.988636
0.944444 1.000000 0.958333 1.000000 0.975694
0.944444 1.000000 0.958333 1.000000 0.975694
1.000000 1.000000 1.000000 1.000000 1.000000
0.944444 1.000000 1.000000 1.000000 0.986111
0.944444 1.000000 1.000000 1.000000 0.986111
0.894737 1.000000 1.000000 0.944444 0.959795
1.000000 1.000000 1.000000 0.950000 0.987500
1.000000 1.000000 1.000000 0.950000 0.987500
1.000000 1.000000 1.000000 0.950000 0.987500
1.000000 1.000000 1.000000 0.950000 0.987500
1.000000 1.000000 1.000000 0.950000 0.987500
1.000000 1.000000 1.000000 0.950000 0.987500
1.000000 1.000000 1.000000 0.950000 0.987500
1.000000 1.000000 1.000000 0.950000 0.987500
1.000000 1.000000 1.000000 0.950000 0.987500
1.000000 1.000000 1.000000 0.950000 0.987500
1.000000 1.000000 1.000000 0.950000 0.987500
1.000000 1.000000 1.000000 0.950000 0.987500
0.944444 1.000000 1.000000 0.947368 0.972953
0.944444 1.000000 1.000000 0.947368 0.972953
0.944444 1.000000 1.000000 0.947368 0.972953
1.000000 1.000000 1.000000 0.950000 0.987500
1.000000 1.000000 1.000000 0.950000 0.987500
1.000000 1.000000 1.000000 0.950000 0.987500
1.000000 1.000000 1.000000 0.950000 0.987500
1.000000 1.000000 1.000000 0.950000 0.987500
1.000000 1.000000 1.000000 0.950000 0.987500
1.000000 1.000000 1.000000 0.950000 0.987500
1.000000 1.000000 1.000000 0.950000 0.987500
1.000000 1.000000 1.000000 0.950000 0.987500
1.000000 1.000000 1.000000 0.950000 0.987500
1.000000 1.000000 1.000000 0.950000 0.987500
0.944444 1.000000 1.000000 0.947368 0.972953
0.944444 1.000000 1.000000 0.947368 0.972953
0.944444 1.000000 1.000000 0.947368 0.972953
1.000000 1.000000 1.000000 0.950000 0.987500
1.000000 1.000000 1.000000 0.950000 0.987500
1.000000 1.000000 1.000000 0.950000 0.987500
1.000000 1.000000 1.000000 0.950000 0.987500
1.000000 1.000000 1.000000 0.950000 0.987500
1.000000 1.000000 1.000000 0.950000 0.987500
1.000000 1.000000 1.000000 0.950000 0.987500
1.000000 1.000000 1.000000 0.950000 0.987500
1.000000 1.000000 1.000000 0.950000 0.987500
1.000000 1.000000 1.000000 0.950000 0.987500
1.000000 1.000000 1.000000 0.950000 0.987500
1.000000 1.000000 1.000000 0.950000 0.987500
1.000000 1.000000 1.000000 0.950000 0.987500
1.000000 1.000000 1.000000 0.950000 0.987500
0.944444 1.000000 1.000000 0.947368 0.972953
1.000000 1.000000 1.000000 0.950000 0.987500
1.000000 1.000000 1.000000 0.950000 0.987500
0.944444 1.000000 1.000000 0.947368 0.972953
1.000000 1.000000 1.000000 0.950000 0.987500
1.000000 1.000000 1.000000 0.950000 0.987500
1.000000 1.000000 1.000000 0.950000 0.987500
1.000000 1.000000 1.000000 0.950000 0.987500
1.000000 1.000000 1.000000 0.950000 0.987500
