0.000000 0.095238 0.956522 0.210526 0.315572
1.000000 0.000000 0.000000 0.052632 0.263158
0.647059 0.000000 0.913043 0.000000 0.390026
0.294118 0.000000 1.000000 0.000000 0.323529
0.647059 0.619048 0.956522 0.052632 0.568815
0.823529 0.000000 0.913043 0.105263 0.460459
0.882353 0.238095 0.695652 0.210526 0.506657
0.941176 0.000000 0.043478 0.315789 0.325111
1.000000 0.619048 0.000000 0.315789 0.483709
1.000000 0.190476 0.130435 0.421053 0.435491
1.000000 0.619048 0.391304 0.578947 0.647325
1.000000 0.666667 0.043478 0.473684 0.545957
1.000000 0.666667 0.478261 0.526316 0.667811
0.941176 0.857143 1.000000 0.684211 0.870632
0.941176 0.761905 1.000000 0.526316 0.807349
0.941176 0.904762 1.000000 0.473684 0.829906
1.000000 1.000000 1.000000 0.789474 0.947368
1.000000 1.000000 1.000000 0.947368 0.986842
1.000000 1.000000 1.000000 0.947368 0.986842
1.000000 1.000000 1.000000 1.000000 1.000000
1.000000 1.000000 1.000000 1.000000 1.000000
1.000000 1.000000 1.000000 1.000000 1.000000
1.000000 1.000000 1.000000 1.000000 1.000000
1.000000 1.000000 1.000000 1.000000 1.000000
1.000000 1.000000 1.000000 1.000000 1.000000
1.000000 1.000000 1.000000 1.000000 1.000000
1.000000 1.000000 1.000000 0.947368 0.986842
0.764706 0.952381 0.478261 1.000000 0.798837
0.823529 0.666667 0.869565 1.000000 0.839940
0.941176 1.000000 0.913043 1.000000 0.963555
1.000000 1.000000 1.000000 1.000000 1.000000
1.000000 0.952381 1.000000 1.000000 0.988095
1.000000 1.000000 1.000000 1.000000 1.000000
0.882353 1.000000 1.000000 0.947368 0.957430
0.647059 0.952381 1.000000 0.842105 0.860386
1.000000 0.952381 1.000000 0.526316 0.869674
0.882353 1.000000 0.956522 0.947368 0.946561
1.000000 1.000000 1.000000 1.000000 1.000000
0.941176 1.000000 1.000000 1.000000 0.985294
1.000000 1.000000 1.000000 1.000000 1.000000
1.000000 1.000000 1.000000 1.000000 1.000000
1.000000 1.000000 0.956522 1.000000 0.989130
1.000000 1.000000 1.000000 0.894737 0.973684
1.000000 1.000000 1.000000 0.894737 0.973684
1.000000 1.000000 1.000000 1.000000 1.000000
1.000000 1.000000 1.000000 0.947368 0.986842
1.000000 1.000000 1.000000 0.947368 0.986842
1.000000 0.952381 1.000000 0.894737 0.961779
1.000000 0.952381 1.000000 1.000000 0.988095
1.000000 0.952381 1.000000 1.000000 0.988095
1.000000 0.952381 1.000000 1.000000 0.988095
1.000000 0.952381 1.000000 1.000000 0.988095
1.000000 0.952381 1.000000 1.000000 0.988095
1.000000 0.952381 1.000000 1.000000 0.988095
1.000000 0.952381 1.000000 1.000000 0.988095
1.000000 0.952381 1.000000 1.000000 0.988095
1.000000 0.952381 1.000000 1.000000 0.988095
1.000000 0.952381 1.000000 1.000000 0.988095
1.000000 0.952381 1.000000 1.000000 0.988095
1.000000 0.952381 1.000000 1.000000 0.988095
1.000000 0.952381 1.000000 0.947368 0.974937
1.000000 0.952381 1.000000 0.947368 0.974937
1.000000 0.952381 1.000000 0.947368 0.974937
1.000000 0.952381 1.000000 1.000000 0.988095
1.000000 0.952381 1.000000 1.000000 0.988095
1.000000 0.952381 1.000000 1.000000 0.988095
1.000000 0.952381 1.000000 1.000000 0.988095
1.000000 0.952381 1.000000 1.000000 0.988095
1.000000 0.952381 1.000000 1.000000 0.988095
1.000000 0.952381 1.000000 1.000000 0.988095
1.000000 0.952381 1.000000 1.000000 0.988095
1.000000 0.952381 1.000000 1.000000 0.988095
1.000000 0.952381 1.000000 1.000000 0.988095
1.000000 0.952381 1.000000 1.000000 0.988095
1.000000 0.952381 1.000000 0.947368 0.974937
1.000000 0.952381 1.000000 0.947368 0.974937
1.000000 0.952381 1.000000 0.947368 0.974937
1.000000 0.952381 1.000000 1.000000 0.988095
1.000000 0.952381 1.000000 1.000000 0.988095
1.000000 0.952381 1.000000 1.000000 0.988095
1.000000 0.952381 1.000000 1.000000 0.988095
1.000000 0.952381 1.000000 1.000000 0.988095
1.000000 0.952381 1.000000 1.000000 0.988095
1.000000 0.952381 1.000000 1.000000 0.988095
1.000000 0.952381 1.000000 1.000000 0.988095
1.000000 0.952381 1.000000 1.000000 0.988095
1.000000 0.952381 1.000000 1.000000 0.988095
1.000000 0.952381 1.000000 1.000000 0.988095
1.000000 0.952381 1.000000 1.000000 0.988095
1.000000 0.952381 1.000000 1.000000 0.988095
1.000000 0.952381 1.000000 1.000000 0.988095
1.000000 0.952381 1.000000 0.947368 0.974937
1.000000 0.952381 1.000000 1.000000 0.988095
1.000000 0.952381 1.000000 1.000000 0.988095
1.000000 0.952381 1.000000 0.947368 0.974937
1.000000 0.952381 1.000000 1.000000 0.988095
1.000000 0.952381 1.000000 1.000000 0.988095
1.000000 0.952381 1.000000 1.000000 0.988095
1.000000 0.952381 1.000000 1.000000 0.988095
1.000000 0.952381 1.000000 1.000000 0.988095
