0.000000 0.000000 1.000000 0.157895 0.325000
0.588235 0.904762 0.000000 0.000000 0.362500
1.000000 0.571429 0.000000 0.052632 0.375000
0.647059 0.857143 0.000000 0.000000 0.362500
1.000000 0.619048 0.000000 0.052632 0.387500
1.000000 0.523810 0.000000 0.105263 0.375000
1.000000 0.047619 0.000000 0.157895 0.262500
1.000000 0.619048 0.000000 0.263158 0.437500
1.000000 0.571429 0.000000 0.421053 0.462500
1.000000 0.571429 0.000000 0.368421 0.450000
0.941176 0.523810 0.347826 0.526316 0.562500
1.000000 0.666667 0.478261 0.526316 0.650000
1.000000 0.666667 0.565217 0.578947 0.687500
1.000000 0.714286 0.521739 0.578947 0.687500
1.000000 0.809524 0.565217 0.578947 0.725000
1.000000 0.904762 0.782609 0.684211 0.837500
1.000000 0.952381 1.000000 0.736842 0.925000
1.000000 0.952381 1.000000 0.947368 0.975000
1.000000 0.952381 1.000000 0.894737 0.962500
1.000000 1.000000 1.000000 1.000000 1.000000
1.000000 0.904762 1.000000 0.947368 0.962500
1.000000 0.952381 1.000000 0.947368 0.975000
1.000000 1.000000 1.000000 0.947368 0.987500
1.000000 1.000000 1.000000 0.894737 0.975000
1.000000 1.000000 1.000000 0.947368 0.987500
1.000000 1.000000 1.000000 0.842105 0.962500
0.529412 0.952381 1.000000 0.894737 0.862500
0.941176 0.904762 0.956522 0.736842 0.887500
0.882353 1.000000 1.000000 0.789474 0.925000
0.235294 1.000000 1.000000 0.842105 0.800000
1.000000 1.000000 1.000000 0.947368 0.987500
0.941176 1.000000 1.000000 1.000000 0.987500
1.000000 1.000000 1.000000 1.000000 1.000000
1.000000 1.000000 1.000000 1.000000 1.000000
1.000000 1.000000 1.000000 0.947368 0.987500
1.000000 1.000000 1.000000 1.000000 1.000000
1.000000 1.000000 1.000000 0.947368 0.987500
1.000000 0.952381 1.000000 1.000000 0.987500
1.000000 1.000000 1.000000 0.947368 0.987500
1.000000 1.000000 1.000000 1.000000 1.000000
1.000000 1.000000 1.000000 1.000000 1.000000
1.000000 1.000000 1.000000 1.000000 1.000000
1.000000 0.952381 1.000000 1.000000 0.987500
1.000000 0.952381 1.000000 1.000000 0.987500
1.000000 0.952381 1.000000 1.000000 0.987500
1.000000 0.952381 1.000000 1.000000 0.987500
1.000000 0.952381 1.000000 1.000000 0.987500
1.000000 0.952381 1.000000 1.000000 0.987500
1.000000 0.952381 1.000000 1.000000 0.987500
1.000000 0.952381 1.000000 1.000000 0.987500
1.000000 1.000000 1.000000 1.000000 1.000000
1.000000 1.000000 1.000000 1.000000 1.000000
1.000000 1.000000 1.000000 1.000000 1.000000
1.000000 0.952381 1.000000 1.000000 0.987500
1.000000 1.000000 1.000000 1.000000 1.000000
1.000000 0.952381 1.000000 1.000000 0.987500
1.000000 1.000000 1.000000 1.000000 1.000000
1.000000 1.000000 1.000000 1.000000 1.000000
1.000000 1.000000 1.000000 1.000000 1.000000
1.000000 1.000000 1.000000 1.000000 1.000000
1.000000 0.952381 1.000000 1.000000 0.987500
1.000000 0.952381 1.000000 1.000000 0.987500
1.000000 0.952381 1.000000 1.000000 0.987500
1.000000 0.952381 1.000000 1.000000 0.987500
1.000000 1.000000 1.000000 1.000000 1.000000
1.000000 1.000000 1.000000 1.000000 1.000000
1.000000 1.000000 1.000000 1.000000 1.000000
1.000000 1.000000 1.000000 1.000000 1.000000
1.000000 1.000000 1.000000 1.000000 1.000000
1.000000 0.952381 1.000000 1.000000 0.987500
1.000000 0.952381 1.000000 1.000000 0.987500
1.000000 0.952381 1.000000 1.000000 0.987500
1.000000 0.952381 1.000000 1.000000 0.987500
1.000000 0.952381 1.000000 1.000000 0.987500
1.000000 0.952381 1.000000 1.000000 0.987500
1.000000 1.000000 1.000000 1.000000 1.000000
1.000000 1.000000 1.000000 1.000000 1.000000
1.000000 1.000000 1.000000 1.000000 1.000000
0.941176 1.000000 1.000000 1.000000 0.987500
1.000000 1.000000 1.000000 1.000000 1.000000
1.000000 0.952381 1.000000 1.000000 0.987500
1.000000 0.952381 1.000000 1.000000 0.987500
1.000000 1.000000 1.000000 1.000000 1.000000
1.000000 0.952381 1.000000 1.000000 0.987500
1.000000 0.952381 1.000000 1.000000 0.987500
1.000000 0.952381 1.000000 1.000000 0.987500
1.000000 0.952381 1.000000 1.000000 0.987500
1.000000 0.952381 1.000000 1.000000 0.987500
1.000000 0.952381 1.000000 1.000000 0.987500
1.000000 0.952381 1.000000 1.000000 0.987500
1.000000 0.952381 1.000000 1.000000 0.987500
1.000000 0.952381 1.000000 1.000000 0.987500
1.000000 0.952381 1.000000 1.000000 0.987500
1.000000 0.952381 1.000000 1.000000 0.987500
1.000000 0.952381 1.000000 1.000000 0.987500
1.000000 0.952381 1.000000 1.000000 0.987500
1.000000 0.952381 1.000000 1.000000 0.987500
1.000000 0.952381 1.000000 1.000000 0.987500
1.000000 0.952381 1.000000 1.000000 0.987500
1.000000 0.952381 1.000000 1.000000 0.987500
