0.000000 0.000000 0.460000 0.272727 0.183182
0.588235 0.452381 0.000000 0.000000 0.260154
0.447368 0.585366 0.000000 0.100000 0.283184
0.628571 0.467532 0.000000 0.000000 0.274026
0.472222 0.604651 0.000000 0.100000 0.294218
0.459459 0.550000 0.000000 0.190476 0.299984
0.447368 0.080000 0.000000 0.272727 0.200024
0.465753 0.666667 0.000000 0.416667 0.387272
0.478873 0.648649 0.000000 0.571429 0.424738
0.478873 0.666667 0.000000 0.500000 0.411385
0.551724 0.628571 0.457143 0.625000 0.565610
0.629630 0.756757 0.564103 0.666667 0.654289
0.666667 0.756757 0.722222 0.611111 0.689189
0.653846 0.789474 0.648649 0.666667 0.689659
0.680000 0.850000 0.666667 0.709677 0.726586
0.755556 0.950000 0.837209 0.812500 0.838816
0.871795 0.975610 0.978723 0.848485 0.918653
0.971429 0.975610 1.000000 0.947368 0.973602
0.944444 0.975610 1.000000 0.918919 0.959743
1.000000 1.000000 1.000000 1.000000 1.000000
0.971429 0.950000 1.000000 0.923077 0.961126
0.971429 0.975610 1.000000 0.947368 0.973602
0.971429 1.000000 1.000000 0.972973 0.986100
0.944444 1.000000 1.000000 0.944444 0.972222
1.000000 0.976744 1.000000 0.972973 0.987429
0.918919 1.000000 1.000000 0.914286 0.958301
0.692308 0.930233 0.884615 0.871795 0.844738
0.820513 0.950000 0.956522 0.800000 0.881759
0.937500 0.933333 0.958333 0.857143 0.921577
0.380952 0.840000 0.958333 0.780488 0.739943
1.000000 0.976744 1.000000 0.972973 0.987429
0.969697 1.000000 1.000000 0.974359 0.986014
1.000000 1.000000 1.000000 1.000000 1.000000
1.000000 1.000000 1.000000 1.000000 1.000000
1.000000 0.976744 1.000000 0.972973 0.987429
1.000000 1.000000 1.000000 1.000000 1.000000
1.000000 1.000000 0.978723 0.972973 0.987924
1.000000 0.975610 1.000000 0.974359 0.987492
0.971429 1.000000 1.000000 0.972973 0.986100
1.000000 1.000000 1.000000 1.000000 1.000000
1.000000 1.000000 1.000000 1.000000 1.000000
1.000000 1.000000 1.000000 1.000000 1.000000
1.000000 0.975610 1.000000 0.974359 0.987492
1.000000 0.975610 1.000000 0.974359 0.987492
1.000000 0.975610 1.000000 0.974359 0.987492
1.000000 0.975610 1.000000 0.974359 0.987492
1.000000 0.975610 1.000000 0.974359 0.987492
1.000000 0.975610 1.000000 0.974359 0.987492
1.000000 0.975610 1.000000 0.974359 0.987492
1.000000 0.975610 1.000000 0.974359 0.987492
1.000000 1.000000 1.000000 1.000000 1.000000
1.000000 1.000000 1.000000 1.000000 1.000000
1.000000 1.000000 1.000000 1.000000 1.000000
1.000000 0.975610 1.000000 0.974359 0.987492
1.000000 1.000000 1.000000 1.000000 1.000000
1.000000 0.975610 1.000000 0.974359 0.987492
1.000000 1.000000 1.000000 1.000000 1.000000
1.000000 1.000000 1.000000 1.000000 1.000000
1.000000 1.000000 1.000000 1.000000 1.000000
1.000000 1.000000 1.000000 1.000000 1.000000
1.000000 0.975610 1.000000 0.974359 0.987492
1.000000 0.975610 1.000000 0.974359 0.987492
1.000000 0.975610 1.000000 0.974359 0.987492
1.000000 0.975610 1.000000 0.974359 0.987492
1.000000 1.000000 1.000000 1.000000 1.000000
1.000000 1.000000 1.000000 1.000000 1.000000
1.000000 1.000000 1.000000 1.000000 1.000000
1.000000 1.000000 1.000000 1.000000 1.000000
1.000000 1.000000 1.000000 1.000000 1.000000
1.000000 0.975610 1.000000 0.974359 0.987492
1.000000 0.975610 1.000000 0.974359 0.987492
1.000000 0.975610 1.000000 0.974359 0.987492
1.000000 0.975610 1.000000 0.974359 0.987492
1.000000 0.975610 1.000000 0.974359 0.987492
1.000000 0.975610 1.000000 0.974359 0.987492
1.000000 1.000000 1.000000 1.000000 1.000000
1.000000 1.000000 1.000000 1.000000 1.000000
1.000000 1.000000 1.000000 1.000000 1.000000
0.969697 1.000000 1.000000 0.974359 0.986014
1.000000 1.000000 1.000000 1.000000 1.000000
1.000000 0.975610 1.000000 0.974359 0.987492
1.000000 0.975610 1.000000 0.974359 0.987492
1.000000 1.000000 1.000000 1.000000 1.000000
1.000000 0.975610 1.000000 0.974359 0.987492
1.000000 0.975610 1.000000 0.974359 0.987492
1.000000 0.975610 1.000000 0.974359 0.987492
1.000000 0.975610 1.000000 0.974359 0.987492
1.000000 0.975610 1.000000 0.974359 0.987492
1.000000 0.975610 1.000000 0.974359 0.987492
1.000000 0.975610 1.000000 0.974359 0.987492
1.000000 0.975610 1.000000 0.974359 0.987492
1.000000 0.975610 1.000000 0.974359 0.987492
1.000000 0.975610 1.000000 0.974359 0.987492
1.000000 0.975610 1.000000 0.974359 0.987492
1.000000 0.975610 1.000000 0.974359 0.987492
1.000000 0.975610 1.000000 0.974359 0.987492
1.000000 0.975610 1.000000 0.974359 0.987492
1.000000 0.975610 1.000000 0.974359 0.987492
1.000000 0.975610 1.000000 0.974359 0.987492
1.000000 0.975610 1.000000 0.974359 0.987492
