1.739707
1.807336
1.762961
2.228378
2.382701
2.700083
2.954268
3.005938
3.179443
3.126481
2.070522
1.755086
1.493122
1.479184
1.254324
0.652180
0.504725
0.141459
0.166687
0.007445
0.131636
0.110121
0.032526
0.133797
0.022275
0.195068
0.695665
0.606923
0.329975
0.920467
0.061744
0.019840
0.006248
0.001934
0.016718
0.000732
0.048568
0.012630
0.020654
0.001695
0.004844
0.006036
0.026568
0.035420
0.021711
0.018696
0.023338
0.036102
0.033633
0.018222
0.007961
0.005843
0.007717
0.010056
0.008307
0.009825
0.007197
0.006948
0.006148
0.005285
0.019972
0.022365
0.018702
0.014453
0.005899
0.001485
0.001877
0.002991
0.003562
0.010809
0.021447
0.022772
0.031066
0.030980
0.015132
0.006894
0.002203
0.001292
0.016010
0.001571
0.010050
0.016995
0.008572
0.033483
0.055158
0.061181
0.071040
0.058193
0.046537
0.041234
0.033202
0.027988
0.024338
0.024394
0.027287
0.033376
0.044295
0.049415
0.051514
0.050724
