0.000000 0.000000 0.298701 1.000000 0.324675
0.588235 0.301587 0.000000 0.000000 0.222456
0.288136 0.600000 0.000000 1.000000 0.472034
0.611111 0.321429 0.000000 0.000000 0.233135
0.309091 0.590909 0.000000 1.000000 0.475000
0.298246 0.578947 0.000000 1.000000 0.469298
0.288136 0.250000 0.000000 1.000000 0.384534
0.303571 0.722222 0.000000 1.000000 0.506448
0.314815 0.750000 0.000000 0.888889 0.488426
0.314815 0.800000 0.000000 0.777778 0.473148
0.390244 0.785714 0.666667 0.769231 0.652964
0.459459 0.875000 0.687500 0.909091 0.732763
0.500000 0.875000 1.000000 0.647059 0.755515
0.485714 0.882353 0.857143 0.785714 0.752731
0.515152 0.894737 0.812500 0.916667 0.784764
0.607143 1.000000 0.900000 1.000000 0.876786
0.772727 1.000000 0.958333 1.000000 0.932765
0.944444 1.000000 1.000000 0.947368 0.972953
0.894737 1.000000 1.000000 0.944444 0.959795
1.000000 1.000000 1.000000 1.000000 1.000000
0.944444 1.000000 1.000000 0.900000 0.961111
0.944444 1.000000 1.000000 0.947368 0.972953
0.944444 1.000000 1.000000 1.000000 0.986111
0.894737 1.000000 1.000000 1.000000 0.973684
1.000000 0.954545 1.000000 1.000000 0.988636
0.850000 1.000000 1.000000 1.000000 0.962500
1.000000 0.909091 0.793103 0.850000 0.888049
0.727273 1.000000 0.956522 0.875000 0.889699
1.000000 0.875000 0.920000 0.937500 0.933125
1.000000 0.724138 0.920000 0.727273 0.842853
1.000000 0.954545 1.000000 1.000000 0.988636
1.000000 1.000000 1.000000 0.950000 0.987500
1.000000 1.000000 1.000000 1.000000 1.000000
1.000000 1.000000 1.000000 1.000000 1.000000
1.000000 0.954545 1.000000 1.000000 0.988636
1.000000 1.000000 1.000000 1.000000 1.000000
1.000000 1.000000 0.958333 1.000000 0.989583
1.000000 1.000000 1.000000 0.950000 0.987500
0.944444 1.000000 1.000000 1.000000 0.986111
1.000000 1.000000 1.000000 1.000000 1.000000
1.000000 1.000000 1.000000 1.000000 1.000000
1.000000 1.000000 1.000000 1.000000 1.000000
1.000000 1.000000 1.000000 0.950000 0.987500
1.000000 1.000000 1.000000 0.950000 0.987500
1.000000 1.000000 1.000000 0.950000 0.987500
1.000000 1.000000 1.000000 0.950000 0.987500
1.000000 1.000000 1.000000 0.950000 0.987500
1.000000 1.000000 1.000000 0.950000 0.987500
1.000000 1.000000 1.000000 0.950000 0.987500
1.000000 1.000000 1.000000 0.950000 0.987500
1.000000 1.000000 1.000000 1.000000 1.000000
1.000000 1.000000 1.000000 1.000000 1.000000
1.000000 1.000000 1.000000 1.000000 1.000000
1.000000 1.000000 1.000000 0.950000 0.987500
1.000000 1.000000 1.000000 1.000000 1.000000
1.000000 1.000000 1.000000 0.950000 0.987500
1.000000 1.000000 1.000000 1.000000 1.000000
1.000000 1.000000 1.000000 1.000000 1.000000
1.000000 1.000000 1.000000 1.000000 1.000000
1.000000 1.000000 1.000000 1.000000 1.000000
1.000000 1.000000 1.000000 0.950000 0.987500
1.000000 1.000000 1.000000 0.950000 0.987500
1.000000 1.000000 1.000000 0.950000 0.987500
1.000000 1.000000 1.000000 0.950000 0.987500
1.000000 1.000000 1.000000 1.000000 1.000000
1.000000 1.000000 1.000000 1.000000 1.000000
1.000000 1.000000 1.000000 1.000000 1.000000
1.000000 1.000000 1.000000 1.000000 1.000000
1.000000 1.000000 1.000000 1.000000 1.000000
1.000000 1.000000 1.000000 0.950000 0.987500
1.000000 1.000000 1.000000 0.950000 0.987500
1.000000 1.000000 1.000000 0.950000 0.987500
1.000000 1.000000 1.000000 0.950000 0.987500
1.000000 1.000000 1.000000 0.950000 0.987500
1.000000 1.000000 1.000000 0.950000 0.987500
1.000000 1.000000 1.000000 1.000000 1.000000
1.000000 1.000000 1.000000 1.000000 1.000000
1.000000 1.000000 1.000000 1.000000 1.000000
1.000000 1.000000 1.000000 0.950000 0.987500
1.000000 1.000000 1.000000 1.000000 1.000000
1.000000 1.000000 1.000000 0.950000 0.987500
1.000000 1.000000 1.000000 0.950000 0.987500
1.000000 1.000000 1.000000 1.000000 1.000000
1.000000 1.000000 1.000000 0.950000 0.987500
1.000000 1.000000 1.000000 0.950000 0.987500
1.000000 1.000000 1.000000 0.950000 0.987500
1.000000 1.000000 1.000000 0.950000 0.987500
1.000000 1.000000 1.000000 0.950000 0.987500
1.000000 1.000000 1.000000 0.950000 0.987500
1.000000 1.000000 1.000000 0.950000 0.987500
1.000000 1.000000 1.000000 0.950000 0.987500
1.000000 1.000000 1.000000 0.950000 0.987500
1.000000 1.000000 1.000000 0.950000 0.987500
1.000000 1.000000 1.000000 0.950000 0.987500
1.000000 1.000000 1.000000 0.950000 0.987500
1.000000 1.000000 1.000000 0.950000 0.987500
1.000000 1.000000 1.000000 0.950000 0.987500
1.000000 1.000000 1.000000 0.950000 0.987500
1.000000 1.000000 1.000000 0.950000 0.987500
1.000000 1.000000 1.000000 0.950000 0.987500
