0.000000 0.000000 1.000000 0.157895 0.289474
0.588235 0.904762 0.000000 0.000000 0.373249
1.000000 0.571429 0.000000 0.052632 0.406015
0.647059 0.857143 0.000000 0.000000 0.376050
1.000000 0.619048 0.000000 0.052632 0.417920
1.000000 0.523810 0.000000 0.105263 0.407268
1.000000 0.047619 0.000000 0.157895 0.301378
1.000000 0.619048 0.000000 0.263158 0.470551
1.000000 0.571429 0.000000 0.421053 0.498120
1.000000 0.571429 0.000000 0.368421 0.484962
0.941176 0.523810 0.347826 0.526316 0.584782
1.000000 0.666667 0.478261 0.526316 0.667811
1.000000 0.666667 0.565217 0.578947 0.702708
1.000000 0.714286 0.521739 0.578947 0.703743
1.000000 0.809524 0.565217 0.578947 0.738422
1.000000 0.904762 0.782609 0.684211 0.842895
1.000000 0.952381 1.000000 0.736842 0.922306
1.000000 0.952381 1.000000 0.947368 0.974937
1.000000 0.952381 1.000000 0.894737 0.961779
1.000000 1.000000 1.000000 1.000000 1.000000
1.000000 0.904762 1.000000 0.947368 0.963033
1.000000 0.952381 1.000000 0.947368 0.974937
1.000000 1.000000 1.000000 0.947368 0.986842
1.000000 1.000000 1.000000 0.894737 0.973684
1.000000 1.000000 1.000000 0.947368 0.986842
1.000000 1.000000 1.000000 0.842105 0.960526
0.529412 0.952381 1.000000 0.894737 0.844132
0.941176 0.904762 0.956522 0.736842 0.884826
0.882353 1.000000 1.000000 0.789474 0.917957
0.235294 1.000000 1.000000 0.842105 0.769350
1.000000 1.000000 1.000000 0.947368 0.986842
0.941176 1.000000 1.000000 1.000000 0.985294
1.000000 1.000000 1.000000 1.000000 1.000000
1.000000 1.000000 1.000000 1.000000 1.000000
1.000000 1.000000 1.000000 0.947368 0.986842
1.000000 1.000000 1.000000 1.000000 1.000000
1.000000 1.000000 1.000000 0.947368 0.986842
1.000000 0.952381 1.000000 1.000000 0.988095
1.000000 1.000000 1.000000 0.947368 0.986842
1.000000 1.000000 1.000000 1.000000 1.000000
1.000000 1.000000 1.000000 1.000000 1.000000
1.000000 1.000000 1.000000 1.000000 1.000000
1.000000 0.952381 1.000000 1.000000 0.988095
1.000000 0.952381 1.000000 1.000000 0.988095
1.000000 0.952381 1.000000 1.000000 0.988095
1.000000 0.952381 1.000000 1.000000 0.988095
1.000000 0.952381 1.000000 1.000000 0.988095
1.000000 0.952381 1.000000 1.000000 0.988095
1.000000 0.952381 1.000000 1.000000 0.988095
1.000000 0.952381 1.000000 1.000000 0.988095
1.000000 1.000000 1.000000 1.000000 1.000000
1.000000 1.000000 1.000000 1.000000 1.000000
1.000000 1.000000 1.000000 1.000000 1.000000
1.000000 0.952381 1.000000 1.000000 0.988095
1.000000 1.000000 1.000000 1.000000 1.000000
1.000000 0.952381 1.000000 1.000000 0.988095
1.000000 1.000000 1.000000 1.000000 1.000000
1.000000 1.000000 1.000000 1.000000 1.000000
1.000000 1.000000 1.000000 1.000000 1.000000
1.000000 1.000000 1.000000 1.000000 1.000000
1.000000 0.952381 1.000000 1.000000 0.988095
1.000000 0.952381 1.000000 1.000000 0.988095
1.000000 0.952381 1.000000 1.000000 0.988095
1.000000 0.952381 1.000000 1.000000 0.988095
1.000000 1.000000 1.000000 1.000000 1.000000
1.000000 1.000000 1.000000 1.000000 1.000000
1.000000 1.000000 1.000000 1.000000 1.000000
1.000000 1.000000 1.000000 1.000000 1.000000
1.000000 1.000000 1.000000 1.000000 1.000000
1.000000 0.952381 1.000000 1.000000 0.988095
1.000000 0.952381 1.000000 1.000000 0.988095
1.000000 0.952381 1.000000 1.000000 0.988095
1.000000 0.952381 1.000000 1.000000 0.988095
1.000000 0.952381 1.000000 1.000000 0.988095
1.000000 0.952381 1.000000 1.000000 0.988095
1.000000 1.000000 1.000000 1.000000 1.000000
1.000000 1.000000 1.000000 1.000000 1.000000
1.000000 1.000000 1.000000 1.000000 1.000000
0.941176 1.000000 1.000000 1.000000 0.985294
1.000000 1.000000 1.000000 1.000000 1.000000
1.000000 0.952381 1.000000 1.000000 0.988095
1.000000 0.952381 1.000000 1.000000 0.988095
1.000000 1.000000 1.000000 1.000000 1.000000
1.000000 0.952381 1.000000 1.000000 0.988095
1.000000 0.952381 1.000000 1.000000 0.988095
1.000000 0.952381 1.000000 1.000000 0.988095
1.000000 0.952381 1.000000 1.000000 0.988095
1.000000 0.952381 1.000000 1.000000 0.988095
1.000000 0.952381 1.000000 1.000000 0.988095
1.000000 0.952381 1.000000 1.000000 0.988095
1.000000 0.952381 1.000000 1.000000 0.988095
1.000000 0.952381 1.000000 1.000000 0.988095
1.000000 0.952381 1.000000 1.000000 0.988095
1.000000 0.952381 1.000000 1.000000 0.988095
1.000000 0.952381 1.000000 1.000000 0.988095
1.000000 0.952381 1.000000 1.000000 0.988095
1.000000 0.952381 1.000000 1.000000 0.988095
1.000000 0.952381 1.000000 1.000000 0.988095
1.000000 0.952381 1.000000 1.000000 0.988095
1.000000 0.952381 1.000000 1.000000 0.988095
