0.938776 0.945374 0.835271 0.636634 0.840122 0.711883 0.959290 0.901751 0.802875 0.812686 0.840600
0.960204 0.983260 0.860465 0.854455 0.905295 0.772422 0.934238 0.907588 0.772074 0.847374 0.882100
0.960204 0.987665 0.912791 0.868317 0.883910 0.769058 0.959290 0.924125 0.810062 0.833499 0.893400
0.945918 0.948018 0.845930 0.879208 0.912424 0.754484 0.951983 0.854086 0.925051 0.914767 0.894700
0.973469 0.985022 0.876938 0.871287 0.938900 0.906951 0.923800 0.936770 0.809035 0.834490 0.906600
0.963265 0.985903 0.867248 0.890099 0.832994 0.810538 0.957203 0.935798 0.894251 0.924678 0.908100
0.961224 0.986784 0.933140 0.852475 0.968432 0.918161 0.949896 0.949416 0.814168 0.767096 0.910900
0.981633 0.981498 0.934109 0.866337 0.967413 0.905830 0.958246 0.944553 0.891170 0.793855 0.923100
0.980612 0.986784 0.937984 0.903960 0.959267 0.863229 0.964509 0.920233 0.875770 0.888008 0.929300
0.980612 0.974449 0.896318 0.930693 0.948065 0.889013 0.935282 0.926070 0.948665 0.888999 0.932500
0.978571 0.973568 0.923450 0.951485 0.923625 0.789238 0.942589 0.947471 0.908624 0.903865 0.926300
0.978571 0.987665 0.922481 0.930693 0.967413 0.909193 0.960334 0.933852 0.900411 0.884044 0.938200
0.976531 0.976211 0.925388 0.897030 0.932790 0.912556 0.967641 0.921206 0.931211 0.930624 0.937600
0.986735 0.988546 0.940891 0.925743 0.922607 0.900224 0.954071 0.939689 0.904517 0.919722 0.939300
0.984694 0.974449 0.940891 0.916832 0.922607 0.920404 0.953027 0.933852 0.914784 0.934589 0.940200
0.979592 0.987665 0.946705 0.920792 0.973523 0.909193 0.975992 0.934825 0.932238 0.846383 0.941300
0.985714 0.977093 0.943798 0.929703 0.961303 0.910314 0.971816 0.933852 0.914784 0.907830 0.944200
0.986735 0.980617 0.939922 0.922772 0.872709 0.895740 0.955115 0.936770 0.917864 0.965312 0.938400
0.979592 0.988546 0.946705 0.935644 0.920570 0.928251 0.960334 0.933852 0.933265 0.931615 0.946500
0.978571 0.979736 0.938953 0.919802 0.958248 0.960762 0.970772 0.925097 0.921971 0.908821 0.946300
0.977551 0.985903 0.934109 0.956436 0.958248 0.911435 0.966597 0.928016 0.937372 0.927651 0.949000
0.979592 0.985022 0.945736 0.949505 0.903259 0.924888 0.965553 0.961089 0.912731 0.930624 0.946600
0.977551 0.972687 0.944767 0.933663 0.955193 0.911435 0.975992 0.924125 0.959959 0.932607 0.949200
0.983673 0.973568 0.948643 0.944554 0.968432 0.922646 0.966597 0.964981 0.941478 0.855302 0.947400
0.985714 0.982379 0.953488 0.943564 0.933809 0.947309 0.967641 0.947471 0.922998 0.918731 0.950700
0.981633 0.978855 0.948643 0.935644 0.948065 0.869955 0.972860 0.949416 0.964066 0.933598 0.949300
0.985714 0.980617 0.934109 0.937624 0.942974 0.954036 0.965553 0.952335 0.944559 0.943508 0.954300
0.983673 0.982379 0.961240 0.950495 0.962322 0.908072 0.973904 0.948444 0.946612 0.913776 0.953800
0.982653 0.987665 0.959302 0.959406 0.956212 0.932735 0.969729 0.943580 0.947639 0.923687 0.956800
0.982653 0.987665 0.965116 0.935644 0.955193 0.946188 0.964509 0.939689 0.954825 0.931615 0.956700
0.978571 0.989427 0.949612 0.935644 0.971487 0.960762 0.961378 0.945525 0.947639 0.872151 0.951400
0.991837 0.976211 0.959302 0.966337 0.955193 0.911435 0.967641 0.940661 0.935318 0.935580 0.954600
0.981633 0.991189 0.945736 0.963366 0.954175 0.945067 0.961378 0.973735 0.928131 0.906838 0.955700
0.983673 0.987665 0.966085 0.945545 0.963340 0.952915 0.971816 0.938716 0.935318 0.924678 0.957300
0.983673 0.985022 0.959302 0.969307 0.954175 0.931614 0.968685 0.966926 0.933265 0.922696 0.958100
0.974490 0.985903 0.942829 0.942574 0.971487 0.941704 0.978079 0.951362 0.963039 0.931615 0.958600
0.979592 0.989427 0.960271 0.945545 0.937882 0.964126 0.970772 0.952335 0.929158 0.939544 0.957200
0.981633 0.986784 0.959302 0.962376 0.943992 0.933857 0.972860 0.931907 0.951745 0.956392 0.958600
0.981633 0.982379 0.958333 0.964356 0.971487 0.942825 0.973904 0.959144 0.939425 0.914767 0.959200
0.978571 0.986784 0.971899 0.958416 0.968432 0.946188 0.967641 0.961089 0.948665 0.910803 0.960300
0.983673 0.991189 0.958333 0.936634 0.963340 0.959641 0.963466 0.971790 0.941478 0.912785 0.958600
0.982653 0.982379 0.954457 0.971287 0.960285 0.937220 0.963466 0.945525 0.968172 0.940535 0.961000
0.987755 0.983260 0.964147 0.954455 0.931772 0.956278 0.977035 0.973735 0.920945 0.948464 0.960200
0.988776 0.985903 0.964147 0.942574 0.970468 0.950673 0.974948 0.968872 0.902464 0.906838 0.956000
0.981633 0.985903 0.953488 0.971287 0.908350 0.936099 0.970772 0.953307 0.950719 0.963330 0.958100
0.983673 0.989427 0.951550 0.960396 0.928717 0.941704 0.977035 0.915370 0.948665 0.967294 0.956800
0.981633 0.988546 0.966085 0.972277 0.950102 0.943946 0.974948 0.955253 0.950719 0.932607 0.962100
0.988776 0.970925 0.959302 0.952475 0.958248 0.961883 0.965553 0.959144 0.964066 0.937562 0.961800
0.982653 0.989427 0.962209 0.956436 0.945010 0.959641 0.967641 0.963035 0.956879 0.936571 0.962300
0.981633 0.986784 0.968023 0.964356 0.966395 0.961883 0.972860 0.963035 0.944559 0.932607 0.964500
