0.954082 0.966520 0.858527 0.711881 0.845214 0.670404 0.941545 0.902724 0.685832 0.838454 0.840900
0.957143 0.972687 0.862403 0.800990 0.942974 0.793722 0.942589 0.868677 0.879877 0.815659 0.885100
0.955102 0.983260 0.874031 0.883168 0.880855 0.765695 0.941545 0.901751 0.829569 0.897919 0.893700
0.959184 0.971806 0.861434 0.890099 0.941955 0.849776 0.957203 0.872568 0.873717 0.881070 0.906800
0.984694 0.918062 0.907946 0.851485 0.883910 0.875561 0.937370 0.914397 0.907598 0.908821 0.909200
0.959184 0.991189 0.888566 0.861386 0.936864 0.892377 0.961378 0.877432 0.898357 0.880079 0.915400
0.978571 0.977974 0.893411 0.922772 0.965377 0.855381 0.949896 0.903696 0.913758 0.877106 0.924800
0.976531 0.970925 0.868217 0.910891 0.926680 0.856502 0.955115 0.905642 0.950719 0.919722 0.924900
0.984694 0.970925 0.929264 0.904950 0.904277 0.885650 0.954071 0.930934 0.920945 0.926660 0.932100
0.975510 0.992070 0.891473 0.929703 0.934827 0.908072 0.960334 0.918288 0.874743 0.916749 0.931000
0.976531 0.983260 0.935078 0.906931 0.908350 0.931614 0.948852 0.942607 0.887064 0.910803 0.933800
0.982653 0.982379 0.952519 0.900990 0.918534 0.909193 0.967641 0.924125 0.924025 0.912785 0.938200
0.982653 0.982379 0.896318 0.903960 0.975560 0.929372 0.946764 0.955253 0.911704 0.867195 0.935500
0.984694 0.985903 0.931202 0.909901 0.898167 0.900224 0.961378 0.942607 0.914784 0.950446 0.938900
0.976531 0.990308 0.927326 0.956436 0.931772 0.895740 0.968685 0.922179 0.903491 0.931615 0.941400
0.980612 0.991189 0.930233 0.941584 0.911405 0.928251 0.955115 0.944553 0.844969 0.940535 0.937800
0.983673 0.982379 0.956395 0.924752 0.928717 0.931614 0.956159 0.925097 0.937372 0.931615 0.946300
0.981633 0.982379 0.903101 0.934653 0.951120 0.910314 0.960334 0.943580 0.945585 0.938553 0.945700
0.981633 0.986784 0.947674 0.926733 0.981670 0.937220 0.966597 0.947471 0.919918 0.841427 0.944100
0.991837 0.984141 0.958333 0.949505 0.905295 0.891256 0.966597 0.930934 0.949692 0.923687 0.946100
0.988776 0.985022 0.947674 0.941584 0.959267 0.911435 0.973904 0.948444 0.919918 0.921705 0.950500
0.979592 0.967401 0.933140 0.947525 0.949084 0.897982 0.955115 0.940661 0.971253 0.914767 0.946200
0.972449 0.989427 0.937984 0.916832 0.979633 0.915919 0.972860 0.912451 0.962012 0.842418 0.940600
0.977551 0.987665 0.955426 0.948515 0.935845 0.930493 0.971816 0.929961 0.953799 0.940535 0.953700
0.978571 0.982379 0.933140 0.926733 0.949084 0.934978 0.967641 0.927043 0.960986 0.953419 0.951700
0.984694 0.984141 0.954457 0.952475 0.959267 0.934978 0.975992 0.939689 0.933265 0.924678 0.954800
0.976531 0.988546 0.926357 0.894059 0.934827 0.957399 0.980167 0.955253 0.924025 0.945491 0.948500
0.974490 0.982379 0.928295 0.927723 0.962322 0.950673 0.972860 0.956226 0.958932 0.922696 0.953800
0.988776 0.985022 0.954457 0.947525 0.955193 0.936099 0.944676 0.928016 0.956879 0.949455 0.955100
0.979592 0.985903 0.960271 0.960396 0.954175 0.912556 0.972860 0.905642 0.969199 0.935580 0.954200
0.979592 0.985903 0.946705 0.922772 0.940937 0.954036 0.975992 0.919261 0.946612 0.959366 0.953300
0.982653 0.984141 0.958333 0.904950 0.966395 0.954036 0.956159 0.917315 0.965092 0.926660 0.951700
0.986735 0.988546 0.959302 0.964356 0.885947 0.910314 0.963466 0.951362 0.941478 0.964321 0.952600
0.987755 0.990308 0.953488 0.954455 0.963340 0.911435 0.977035 0.966926 0.948665 0.919722 0.958100
0.987755 0.984141 0.958333 0.954455 0.928717 0.918161 0.971816 0.947471 0.934292 0.969277 0.956200
0.988776 0.980617 0.964147 0.947525 0.940937 0.933857 0.948852 0.943580 0.964066 0.948464 0.956600
0.989796 0.984141 0.968023 0.964356 0.934827 0.931614 0.968685 0.945525 0.937372 0.943508 0.957400
0.983673 0.982379 0.960271 0.951485 0.966395 0.940583 0.979123 0.938716 0.955852 0.934589 0.959600
0.987755 0.990308 0.964147 0.959406 0.953157 0.940583 0.974948 0.952335 0.951745 0.926660 0.960600
0.990816 0.989427 0.959302 0.956436 0.940937 0.921525 0.975992 0.953307 0.946612 0.955401 0.959700
0.988776 0.986784 0.964147 0.936634 0.970468 0.942825 0.983299 0.963035 0.925051 0.929633 0.959500
0.985714 0.987665 0.951550 0.947525 0.954175 0.947309 0.978079 0.950389 0.954825 0.957384 0.961800
0.984694 0.990308 0.962209 0.958416 0.975560 0.937220 0.978079 0.946498 0.955852 0.934589 0.962800
0.981633 0.984141 0.963178 0.968317 0.972505 0.929372 0.975992 0.964981 0.954825 0.893954 0.959400
0.989796 0.985903 0.962209 0.961386 0.959267 0.929372 0.981211 0.953307 0.959959 0.946482 0.963400
0.991837 0.989427 0.974806 0.953465 0.966395 0.927130 0.979123 0.956226 0.935318 0.942517 0.962300
0.990816 0.991189 0.973837 0.947525 0.961303 0.942825 0.978079 0.962062 0.941478 0.914767 0.960900
0.987755 0.990308 0.969961 0.929703 0.971487 0.954036 0.980167 0.964981 0.951745 0.916749 0.962000
0.991837 0.988546 0.965116 0.949505 0.976578 0.955157 0.978079 0.967899 0.958932 0.891972 0.962600
0.981633 0.991189 0.967054 0.957426 0.948065 0.951794 0.980167 0.954280 0.953799 0.949455 0.963900
