0.944898 0.936564 0.799419 0.825743 0.855397 0.447309 0.921712 0.874514 0.840862 0.867195 0.836300
0.954082 0.976211 0.862403 0.875248 0.902240 0.721973 0.935282 0.887160 0.864476 0.872151 0.887700
0.951020 0.884581 0.856589 0.848515 0.897149 0.714126 0.926931 0.900778 0.946612 0.898910 0.883800
0.972449 0.966520 0.888566 0.847525 0.922607 0.874439 0.937370 0.924125 0.873717 0.880079 0.909600
0.967347 0.978855 0.860465 0.867327 0.938900 0.874439 0.934238 0.913424 0.883984 0.899901 0.912800
0.969388 0.973568 0.906008 0.901980 0.952138 0.904709 0.926931 0.907588 0.893224 0.846383 0.918800
0.975510 0.992070 0.875000 0.932673 0.858452 0.823991 0.945720 0.936770 0.809035 0.937562 0.910800
0.977551 0.989427 0.911822 0.925743 0.790224 0.881166 0.937370 0.912451 0.894251 0.950446 0.918500
0.985714 0.979736 0.940891 0.932673 0.958248 0.780269 0.943633 0.911479 0.906571 0.882061 0.924200
0.974490 0.986784 0.921512 0.947525 0.937882 0.825112 0.956159 0.898833 0.932238 0.912785 0.930900
0.979592 0.980617 0.922481 0.897030 0.965377 0.859865 0.964509 0.937743 0.948665 0.856293 0.932200
0.976531 0.985903 0.896318 0.916832 0.923625 0.908072 0.965553 0.921206 0.931211 0.940535 0.937200
0.979592 0.993833 0.953488 0.917822 0.922607 0.899103 0.964509 0.941634 0.859343 0.913776 0.935800
0.982653 0.977974 0.931202 0.929703 0.911405 0.908072 0.948852 0.914397 0.942505 0.946482 0.940000
0.972449 0.993833 0.941860 0.915842 0.960285 0.902466 0.963466 0.927043 0.919918 0.901883 0.940800
0.983673 0.975330 0.951550 0.863366 0.983707 0.937220 0.958246 0.924125 0.943532 0.740337 0.926100
0.978571 0.981498 0.942829 0.923762 0.930754 0.933857 0.955115 0.925097 0.928131 0.939544 0.944400
0.984694 0.983260 0.945736 0.957426 0.962322 0.887892 0.953027 0.944553 0.942505 0.902874 0.947400
0.971429 0.986784 0.945736 0.943564 0.963340 0.938341 0.963466 0.929961 0.922998 0.910803 0.948100
0.982653 0.975330 0.951550 0.937624 0.973523 0.914798 0.975992 0.945525 0.952772 0.866204 0.948000
0.978571 0.986784 0.948643 0.941584 0.977597 0.926009 0.971816 0.941634 0.932238 0.884044 0.949400
0.982653 0.990308 0.942829 0.959406 0.938900 0.862108 0.967641 0.946498 0.937372 0.932607 0.947400
0.989796 0.986784 0.937984 0.933663 0.969450 0.926009 0.971816 0.954280 0.924025 0.920714 0.952000
0.985714 0.981498 0.962209 0.961386 0.970468 0.896861 0.970772 0.934825 0.931211 0.899901 0.950300
0.983673 0.987665 0.922481 0.914851 0.961303 0.949552 0.959290 0.943580 0.944559 0.939544 0.950900
0.987755 0.988546 0.964147 0.928713 0.959267 0.936099 0.971816 0.936770 0.943532 0.933598 0.955500
0.985714 0.986784 0.955426 0.929703 0.955193 0.954036 0.966597 0.943580 0.924025 0.932607 0.953700
0.984694 0.987665 0.958333 0.935644 0.976578 0.932735 0.973904 0.953307 0.959959 0.871160 0.953800
0.990816 0.984141 0.958333 0.951485 0.973523 0.924888 0.969729 0.941634 0.951745 0.907830 0.955900
0.989796 0.982379 0.960271 0.913861 0.926680 0.950673 0.969729 0.949416 0.948665 0.948464 0.954300
0.979592 0.988546 0.948643 0.951485 0.955193 0.938341 0.981211 0.913424 0.948665 0.936571 0.954500
0.987755 0.987665 0.955426 0.962376 0.964358 0.933857 0.972860 0.948444 0.936345 0.921705 0.957600
0.984694 0.992952 0.950581 0.943564 0.967413 0.937220 0.970772 0.940661 0.948665 0.902874 0.954400
0.986735 0.989427 0.957364 0.959406 0.959267 0.900224 0.965553 0.940661 0.941478 0.953419 0.956300
0.987755 0.987665 0.956395 0.947525 0.975560 0.931614 0.970772 0.943580 0.957906 0.924678 0.958800
0.986735 0.990308 0.949612 0.934653 0.970468 0.952915 0.974948 0.944553 0.965092 0.891972 0.956300
0.982653 0.989427 0.947674 0.941584 0.946029 0.946188 0.979123 0.944553 0.931211 0.951437 0.956400
0.985714 0.984141 0.959302 0.961386 0.943992 0.910314 0.972860 0.933852 0.955852 0.962339 0.957700
0.984694 0.987665 0.957364 0.968317 0.932790 0.890135 0.963466 0.937743 0.965092 0.951437 0.954900
0.982653 0.986784 0.945736 0.953465 0.973523 0.961883 0.963466 0.954280 0.940452 0.919722 0.958400
0.988776 0.992070 0.963178 0.957426 0.957230 0.934978 0.970772 0.947471 0.937372 0.942517 0.959800
0.986735 0.981498 0.957364 0.956436 0.983707 0.949552 0.966597 0.942607 0.968172 0.869177 0.956300
0.982653 0.989427 0.960271 0.955446 0.975560 0.936099 0.977035 0.948444 0.937372 0.927651 0.959500
0.987755 0.983260 0.967054 0.955446 0.979633 0.936099 0.972860 0.959144 0.951745 0.897919 0.959500
0.984694 0.990308 0.954457 0.967327 0.965377 0.917040 0.971816 0.954280 0.943532 0.942517 0.959900
0.985714 0.984141 0.964147 0.964356 0.976578 0.937220 0.975992 0.950389 0.963039 0.886026 0.959100
0.987755 0.983260 0.957364 0.962376 0.960285 0.931614 0.963466 0.949416 0.965092 0.938553 0.960400
0.986735 0.987665 0.955426 0.960396 0.973523 0.948430 0.982255 0.951362 0.935318 0.938553 0.962300
0.985714 0.989427 0.965116 0.963366 0.969450 0.923767 0.972860 0.946498 0.951745 0.942517 0.961700
0.988776 0.989427 0.966085 0.947525 0.964358 0.952915 0.967641 0.964981 0.957906 0.943508 0.964700
